-0.065
-0.0649243
-0.0649102
-0.0648681
-0.0648458
-0.0648079
-0.0647828
-0.0647472
-0.0647204
-0.0646862
-0.0646585
-0.0646251
-0.0645969
-0.0645642
-0.0645355
-0.0645033
-0.0644743
-0.0644425
-0.0644133
-0.0643818
-0.0643525
-0.0643212
-0.0642919
-0.0642608
-0.0642314
-0.0642006
-0.0641711
-0.0641404
-0.0641109
-0.0640804
-0.0640509
-0.0640206
-0.0639911
-0.0639609
-0.0639314
-0.0639013
-0.0638719
-0.0638419
-0.0638125
-0.0637826
-0.0637533
-0.0637235
-0.0636942
-0.0636645
-0.0636353
-0.0636057
-0.0635765
-0.063547
-0.0635179
-0.0634885
-0.0634594
-0.0634301
-0.063401
-0.0633718
-0.0633429
-0.0633137
-0.0632848
-0.0632558
-0.0632269
-0.0631979
-0.0631692
-0.0631403
-0.0631115
-0.0630827
-0.0630541
-0.0630254
-0.0629968
-0.0629681
-0.0629396
-0.062911
-0.0628825
-0.062854
-0.0628257
-0.0627972
-0.0627689
-0.0627406
-0.0627123
-0.062684
-0.0626558
-0.0626276
-0.0625995
-0.0625714
-0.0625433
-0.0625153
-0.0624873
-0.0624593
-0.0624314
-0.0624035
-0.0623756
-0.0623478
-0.06232
-0.0622922
-0.0622645
-0.0622368
-0.0622091
-0.0621815
-0.0621539
-0.0621264
-0.0620989
-0.0620714
-0.0620439
-0.0620165
-0.0619891
-0.0619618
-0.0619345
-0.0619072
-0.06188
-0.0618527
-0.0618256
-0.0617984
-0.0617713
-0.0617442
-0.0617172
-0.0616902
-0.0616632
-0.0616363
-0.0616094
-0.0615825
-0.0615557
-0.0615289
-0.0615021
-0.0614753
-0.0614486
-0.061422
-0.0613953
-0.0613687
-0.0613422
-0.0613156
-0.0612891
-0.0612626
-0.0612362
-0.0612098
-0.0611834
-0.0611571
-0.0611308
-0.0611045
-0.0610783
-0.061052
-0.0610259
-0.0609997
-0.0609736
-0.0609475
-0.0609215
-0.0608955
-0.0608695
-0.0608436
-0.0608176
-0.0607918
-0.0607659
-0.0607401
-0.0607143
-0.0606885
-0.0606628
-0.0606371
-0.0606115
-0.0605858
-0.0605603
-0.0605347
-0.0605092
-0.0604837
-0.0604582
-0.0604328
-0.0604074
-0.060382
-0.0603567
-0.0603313
-0.0603061
-0.0602808
-0.0602556
-0.0602304
-0.0602053
-0.0601802
-0.0601551
-0.06013
-0.060105
-0.06008
-0.060055
-0.0600301
-0.0600052
-0.0599803
-0.0599555
-0.0599307
-0.0599059
-0.0598812
-0.0598565
-0.0598318
-0.0598071
-0.0597825
-0.0597579
-0.0597334
-0.0597088
-0.0596843
-0.0596599
-0.0596354
-0.059611
-0.0595866
-0.0595623
-0.059538
-0.0595137
-0.0594894
-0.0594652
-0.059441
-0.0594169
-0.0593927
-0.0593686
-0.0593446
-0.0593205
-0.0592965
-0.0592725
-0.0592486
-0.0592246
-0.0592007
-0.0591769
-0.059153
-0.0591292
-0.0591055
-0.0590817
-0.059058
-0.0590343
-0.0590107
-0.058987
-0.0589634
-0.0589399
-0.0589163
-0.0588928
-0.0588694
-0.0588459
-0.0588225
-0.0587991
-0.0587757
-0.0587524
-0.0587291
-0.0587058
-0.0586826
-0.0586594
-0.0586362
-0.058613
-0.0585899
-0.0585668
-0.0585437
-0.0585207
-0.0584977
-0.0584747
-0.0584517
-0.0584288
-0.0584059
-0.058383
-0.0583602
-0.0583374
-0.0583146
-0.0582918
-0.0582691
-0.0582464
-0.0582237
-0.0582011
-0.0581785
-0.0581559
-0.0581333
-0.0581108
-0.0580883
-0.0580658
-0.0580434
-0.058021
-0.0579986
-0.0579762
-0.0579539
-0.0579316
-0.0579093
-0.057887
-0.0578648
-0.0578426
-0.0578205
-0.0577983
-0.0577762
-0.0577541
-0.0577321
-0.05771
-0.057688
-0.0576661
-0.0576441
-0.0576222
-0.0576003
-0.0575784
-0.0575566
-0.0575348
-0.057513
-0.0574913
-0.0574695
-0.0574478
-0.0574261
-0.0574045
-0.0573829
-0.0573613
-0.0573397
-0.0573182
-0.0572967
-0.0572752
-0.0572537
-0.0572323
-0.0572109
-0.0571895
-0.0571682
-0.0571468
-0.0571255
-0.0571043
-0.057083
-0.0570618
-0.0570406
-0.0570195
-0.0569983
-0.0569772
-0.0569561
-0.0569351
-0.056914
-0.056893
-0.056872
-0.0568511
-0.0568302
-0.0568093
-0.0567884
-0.0567675
-0.0567467
-0.0567259
-0.0567051
-0.0566844
-0.0566637
-0.056643
-0.0566223
-0.0566017
-0.056581
-0.0565605
-0.0565399
-0.0565194
-0.0564988
-0.0564783
-0.0564579
-0.0564374
-0.056417
-0.0563967
-0.0563763
-0.056356
-0.0563356
-0.0563154
-0.0562951
-0.0562749
-0.0562547
-0.0562345
-0.0562143
-0.0561942
-0.0561741
-0.056154
-0.0561339
-0.0561139
-0.0560939
-0.0560739
-0.056054
-0.056034
-0.0560141
-0.0559942
-0.0559744
-0.0559545
-0.0559347
-0.055915
-0.0558952
-0.0558755
-0.0558558
-0.0558361
-0.0558164
-0.0557968
-0.0557772
-0.0557576
-0.055738
-0.0557185
-0.055699
-0.0556795
-0.05566
-0.0556406
-0.0556212
-0.0556018
-0.0555824
-0.055563
-0.0555437
-0.0555244
-0.0555052
-0.0554859
-0.0554667
-0.0554475
-0.0554283
-0.0554092
-0.05539
-0.0553709
-0.0553519
-0.0553328
-0.0553138
-0.0552948
-0.0552758
-0.0552568
-0.0552379
-0.055219
-0.0552001
-0.0551812
-0.0551624
-0.0551436
-0.0551248
-0.055106
-0.0550872
-0.0550685
-0.0550498
-0.0550311
-0.0550125
-0.0549938
-0.0549752
-0.0549567
-0.0549381
-0.0549196
-0.054901
-0.0548825
-0.0548641
-0.0548456
-0.0548272
-0.0548088
-0.0547904
-0.0547721
-0.0547537
-0.0547354
-0.0547172
-0.0546989
-0.0546807
-0.0546624
-0.0546442
-0.0546261
-0.0546079
-0.0545898
-0.0545717
-0.0545536
-0.0545356
-0.0545175
-0.0544995
-0.0544815
-0.0544635
-0.0544456
-0.0544277
-0.0544098
-0.0543919
-0.054374
-0.0543562
-0.0543384
-0.0543206
-0.0543028
-0.0542851
-0.0542674
-0.0542497
-0.054232
-0.0542143
-0.0541967
-0.0541791
-0.0541615
-0.0541439
-0.0541264
-0.0541089
-0.0540914
-0.0540739
-0.0540564
-0.054039
-0.0540216
-0.0540042
-0.0539868
-0.0539694
-0.0539521
-0.0539348
-0.0539175
-0.0539003
-0.053883
-0.0538658
-0.0538486
-0.0538314
-0.0538143
-0.0537971
-0.05378
-0.0537629
-0.0537459
-0.0537288
-0.0537118
-0.0536948
-0.0536778
-0.0536608
-0.0536439
-0.053627
-0.0536101
-0.0535932
-0.0535763
-0.0535595
-0.0535427
-0.0535259
-0.0535091
-0.0534923
-0.0534756
-0.0534589
-0.0534422
-0.0534255
-0.0534089
-0.0533923
-0.0533757
-0.0533591
-0.0533425
-0.053326
-0.0533094
-0.0532929
-0.0532764
-0.05326
-0.0532435
-0.0532271
-0.0532107
-0.0531943
-0.053178
-0.0531616
-0.0531453
-0.053129
-0.0531127
-0.0530965
-0.0530802
-0.053064
-0.0530478
-0.0530317
-0.0530155
-0.0529994
-0.0529832
-0.0529671
-0.0529511
-0.052935
-0.052919
-0.052903
-0.052887
-0.052871
-0.052855
-0.0528391
-0.0528232
-0.0528073
-0.0527914
-0.0527756
-0.0527597
-0.0527439
-0.0527281
-0.0527123
-0.0526966
-0.0526808
-0.0526651
-0.0526494
-0.0526337
-0.0526181
-0.0526024
-0.0525868
-0.0525712
-0.0525556
-0.0525401
-0.0525245
-0.052509
-0.0524935
-0.052478
-0.0524625
-0.0524471
-0.0524317
-0.0524163
-0.0524009
-0.0523855
-0.0523702
-0.0523548
-0.0523395
-0.0523242
-0.0523089
-0.0522937
-0.0522785
-0.0522632
-0.052248
-0.0522329
-0.0522177
-0.0522026
-0.0521874
-0.0521723
-0.0521573
-0.0521422
-0.0521272
-0.0521121
-0.0520971
-0.0520821
-0.0520672
-0.0520522
-0.0520373
-0.0520224
-0.0520075
-0.0519926
-0.0519777
-0.0519629
-0.0519481
-0.0519333
-0.0519185
-0.0519037
-0.051889
-0.0518742
-0.0518595
-0.0518448
-0.0518302
-0.0518155
-0.0518009
-0.0517862
-0.0517716
-0.0517571
-0.0517425
-0.0517279
-0.0517134
-0.0516989
-0.0516844
-0.0516699
-0.0516555
-0.051641
-0.0516266
-0.0516122
-0.0515978
-0.0515835
-0.0515691
-0.0515548
-0.0515405
-0.0515262
-0.0515119
-0.0514977
-0.0514834
-0.0514692
-0.051455
-0.0514408
-0.0514266
-0.0514125
-0.0513983
-0.0513842
-0.0513701
-0.051356
-0.051342
-0.0513279
-0.0513139
-0.0512999
-0.0512859
-0.0512719
-0.051258
-0.051244
-0.0512301
-0.0512162
-0.0512023
-0.0511884
-0.0511746
-0.0511607
-0.0511469
-0.0511331
-0.0511193
-0.0511056
-0.0510918
-0.0510781
-0.0510644
-0.0510507
-0.051037
-0.0510233
-0.0510097
-0.050996
-0.0509824
-0.0509688
-0.0509553
-0.0509417
-0.0509281
-0.0509146
-0.0509011
-0.0508876
-0.0508741
-0.0508607
-0.0508472
-0.0508338
-0.0508204
-0.050807
-0.0507936
-0.0507802
-0.0507669
-0.0507536
-0.0507403
-0.050727
-0.0507137
-0.0507004
-0.0506872
-0.050674
-0.0506607
-0.0506476
-0.0506344
-0.0506212
-0.0506081
-0.0505949
-0.0505818
-0.0505687
-0.0505556
-0.0505426
-0.0505295
-0.0505165
-0.0505035
-0.0504905
-0.0504775
-0.0504645
-0.0504516
-0.0504387
-0.0504257
-0.0504128
-0.0504
-0.0503871
-0.0503742
-0.0503614
-0.0503486
-0.0503358
-0.050323
-0.0503102
-0.0502974
-0.0502847
-0.050272
-0.0502593
-0.0502466
-0.0502339
-0.0502212
-0.0502086
-0.050196
-0.0501833
-0.0501707
-0.0501582
-0.0501456
-0.050133
-0.0501205
-0.050108
-0.0500955
-0.050083
-0.0500705
-0.0500581
-0.0500456
-0.0500332
-0.0500208
-0.0500084
-0.049996
-0.0499836
-0.0499713
-0.049959
-0.0499466
-0.0499343
-0.0499221
-0.0499098
-0.0498975
-0.0498853
-0.0498731
-0.0498608
-0.0498486
-0.0498365
-0.0498243
-0.0498122
-0.0498
-0.0497879
-0.0497758
-0.0497637
-0.0497516
-0.0497396
-0.0497275
-0.0497155
-0.0497035
-0.0496915
-0.0496795
-0.0496675
-0.0496556
-0.0496436
-0.0496317
-0.0496198
-0.0496079
-0.049596
-0.0495842
-0.0495723
-0.0495605
-0.0495487
-0.0495368
-0.0495251
-0.0495133
-0.0495015
-0.0494898
-0.049478
-0.0494663
-0.0494546
-0.0494429
-0.0494313
-0.0494196
-0.049408
-0.0493963
-0.0493847
-0.0493731
-0.0493615
-0.0493499
-0.0493384
-0.0493268
-0.0493153
-0.0493038
-0.0492923
-0.0492808
-0.0492693
-0.0492579
-0.0492464
-0.049235
-0.0492236
-0.0492122
-0.0492008
-0.0491894
-0.0491781
-0.0491667
-0.0491554
-0.0491441
-0.0491328
-0.0491215
-0.0491102
-0.049099
-0.0490877
-0.0490765
-0.0490653
-0.0490541
-0.0490429
-0.0490317
-0.0490206
-0.0490094
-0.0489983
-0.0489872
-0.0489761
-0.048965
-0.0489539
-0.0489428
-0.0489318
-0.0489208
-0.0489097
-0.0488987
-0.0488877
-0.0488767
-0.0488658
-0.0488548
-0.0488439
-0.048833
-0.0488221
-0.0488112
-0.0488003
-0.0487894
-0.0487785
-0.0487677
-0.0487569
-0.0487461
-0.0487352
-0.0487245
-0.0487137
-0.0487029
-0.0486922
-0.0486814
-0.0486707
-0.04866
-0.0486493
-0.0486386
-0.048628
-0.0486173
-0.0486067
-0.048596
-0.0485854
-0.0485748
-0.0485642
-0.0485536
-0.0485431
-0.0485325
-0.048522
-0.0485115
-0.048501
-0.0484905
-0.04848
-0.0484695
-0.0484591
-0.0484486
-0.0484382
-0.0484278
-0.0484174
-0.048407
-0.0483966
-0.0483862
-0.0483759
-0.0483655
-0.0483552
-0.0483449
-0.0483346
-0.0483243
-0.048314
-0.0483037
-0.0482935
-0.0482833
-0.048273
-0.0482628
-0.0482526
-0.0482424
-0.0482323
-0.0482221
-0.0482119
-0.0482018
-0.0481917
-0.0481816
-0.0481715
-0.0481614
-0.0481513
-0.0481413
-0.0481312
-0.0481212
-0.0481112
-0.0481011
-0.0480911
-0.0480812
-0.0480712
-0.0480612
-0.0480513
-0.0480413
-0.0480314
-0.0480215
-0.0480116
-0.0480017
-0.0479919
-0.047982
-0.0479721
-0.0479623
-0.0479525
-0.0479427
-0.0479329
-0.0479231
-0.0479133
-0.0479035
-0.0478938
-0.0478841
-0.0478743
-0.0478646
-0.0478549
-0.0478452
-0.0478355
-0.0478259
-0.0478162
-0.0478066
-0.047797
-0.0477873
-0.0477777
-0.0477681
-0.0477586
-0.047749
-0.0477394
-0.0477299
-0.0477203
-0.0477108
-0.0477013
-0.0476918
-0.0476823
-0.0476729
-0.0476634
-0.0476539
-0.0476445
-0.0476351
-0.0476257
-0.0476163
-0.0476069
-0.0475975
-0.0475881
-0.0475788
-0.0475694
-0.0475601
-0.0475508
-0.0475415
-0.0475322
-0.0475229
-0.0475136
-0.0475043
-0.0474951
-0.0474858
-0.0474766
-0.0474674
-0.0474582
-0.047449
-0.0474398
-0.0474306
-0.0474215
-0.0474123
-0.0474032
-0.0473941
-0.0473849
-0.0473758
-0.0473668
-0.0473577
-0.0473486
-0.0473395
-0.0473305
-0.0473215
-0.0473124
-0.0473034
-0.0472944
-0.0472854
-0.0472765
-0.0472675
-0.0472585
-0.0472496
-0.0472407
-0.0472317
-0.0472228
-0.0472139
-0.047205
-0.0471962
-0.0471873
-0.0471784
-0.0471696
-0.0471608
-0.0471519
-0.0471431
-0.0471343
-0.0471255
-0.0471167
-0.047108
-0.0470992
-0.0470905
-0.0470817
-0.047073
-0.0470643
-0.0470556
-0.0470469
-0.0470382
-0.0470296
-0.0470209
-0.0470123
-0.0470036
-0.046995
-0.0469864
-0.0469778
-0.0469692
-0.0469606
-0.046952
-0.0469435
-0.0469349
-0.0469264
-0.0469178
-0.0469093
-0.0469008
-0.0468923
-0.0468838
-0.0468753
-0.0468669
-0.0468584
-0.04685
-0.0468415
-0.0468331
-0.0468247
-0.0468163
-0.0468079
-0.0467995
-0.0467912
-0.0467828
-0.0467744
-0.0467661
-0.0467578
-0.0467495
-0.0467411
-0.0467328
-0.0467246
-0.0467163
-0.046708
-0.0466998
-0.0466915
-0.0466833
-0.046675
-0.0466668
-0.0466586
-0.0466504
-0.0466422
-0.0466341
-0.0466259
-0.0466177
-0.0466096
-0.0466015
-0.0465933
-0.0465852
-0.0465771
-0.046569
-0.0465609
-0.0465529
-0.0465448
-0.0465368
-0.0465287
-0.0465207
-0.0465127
-0.0465046
-0.0464966
-0.0464886
-0.0464807
-0.0464727
-0.0464647
-0.0464568
-0.0464488
-0.0464409
-0.046433
-0.0464251
-0.0464172
-0.0464093
-0.0464014
-0.0463935
-0.0463856
-0.0463778
-0.0463699
-0.0463621
-0.0463543
-0.0463465
-0.0463387
-0.0463309
-0.0463231
-0.0463153
-0.0463075
-0.0462998
-0.046292
-0.0462843
-0.0462766
-0.0462688
-0.0462611
-0.0462534
-0.0462457
-0.0462381
-0.0462304
-0.0462227
-0.0462151
-0.0462074
-0.0461998
-0.0461922
-0.0461846
-0.046177
-0.0461694
-0.0461618
-0.0461542
-0.0461467
-0.0461391
-0.0461315
-0.046124
-0.0461165
-0.046109
-0.0461015
-0.046094
-0.0460865
-0.046079
-0.0460715
-0.0460641
-0.0460566
-0.0460492
-0.0460417
-0.0460343
-0.0460269
-0.0460195
-0.0460121
-0.0460047
-0.0459973
-0.0459899
-0.0459826
-0.0459752
-0.0459679
-0.0459606
-0.0459532
-0.0459459
-0.0459386
-0.0459313
-0.045924
-0.0459168
-0.0459095
-0.0459022
-0.045895
-0.0458877
-0.0458805
-0.0458733
-0.0458661
-0.0458589
-0.0458517
-0.0458445
-0.0458373
-0.0458301
-0.045823
-0.0458158
-0.0458087
-0.0458015
-0.0457944
-0.0457873
-0.0457802
-0.0457731
-0.045766
-0.0457589
-0.0457518
-0.0457448
-0.0457377
-0.0457307
-0.0457236
-0.0457166
-0.0457096
-0.0457026
-0.0456956
-0.0456886
-0.0456816
-0.0456746
-0.0456677
-0.0456607
-0.0456538
-0.0456468
-0.0456399
-0.045633
-0.0456261
-0.0456191
-0.0456123
-0.0456054
-0.0455985
-0.0455916
-0.0455847
-0.0455779
-0.045571
-0.0455642
-0.0455574
-0.0455506
-0.0455438
-0.0455369
-0.0455302
-0.0455234
-0.0455166
-0.0455098
-0.0455031
-0.0454963
-0.0454896
-0.0454828
-0.0454761
-0.0454694
-0.0454627
-0.045456
-0.0454493
-0.0454426
-0.0454359
-0.0454293
-0.0454226
-0.0454159
-0.0454093
-0.0454027
-0.045396
-0.0453894
-0.0453828
-0.0453762
-0.0453696
-0.045363
-0.0453564
-0.0453499
-0.0453433
-0.0453368
-0.0453302
-0.0453237
-0.0453172
-0.0453106
-0.0453041
-0.0452976
-0.0452911
-0.0452846
-0.0452782
-0.0452717
-0.0452652
-0.0452588
-0.0452523
-0.0452459
-0.0452395
-0.045233
-0.0452266
-0.0452202
-0.0452138
-0.0452074
-0.045201
-0.0451947
-0.0451883
-0.0451819
-0.0451756
-0.0451692
-0.0451629
-0.0451566
-0.0451503
-0.045144
-0.0451376
-0.0451314
-0.0451251
-0.0451188
-0.0451125
-0.0451062
-0.0451
-0.0450937
-0.0450875
-0.0450813
-0.045075
-0.0450688
-0.0450626
-0.0450564
-0.0450502
-0.045044
-0.0450379
-0.0450317
-0.0450255
-0.0450194
-0.0450132
-0.0450071
-0.0450009
-0.0449948
-0.0449887
-0.0449826
-0.0449765
-0.0449704
-0.0449643
-0.0449582
-0.0449522
-0.0449461
-0.04494
-0.044934
-0.044928
-0.0449219
-0.0449159
-0.0449099
-0.0449039
-0.0448979
-0.0448919
-0.0448859
-0.0448799
-0.0448739
-0.044868
-0.044862
-0.044856
-0.0448501
-0.0448442
-0.0448382
-0.0448323
-0.0448264
-0.0448205
-0.0448146
-0.0448087
-0.0448028
-0.0447969
-0.0447911
-0.0447852
-0.0447793
-0.0447735
-0.0447677
-0.0447618
-0.044756
-0.0447502
-0.0447444
-0.0447386
-0.0447328
-0.044727
-0.0447212
-0.0447154
-0.0447097
-0.0447039
-0.0446981
-0.0446924
-0.0446867
-0.0446809
-0.0446752
-0.0446695
-0.0446638
-0.0446581
-0.0446524
-0.0446467
-0.044641
-0.0446353
-0.0446297
-0.044624
-0.0446183
-0.0446127
-0.0446071
-0.0446014
-0.0445958
-0.0445902
-0.0445846
-0.044579
-0.0445734
-0.0445678
-0.0445622
-0.0445566
-0.044551
-0.0445455
-0.0445399
-0.0445344
-0.0445288
-0.0445233
-0.0445178
-0.0445122
-0.0445067
-0.0445012
-0.0444957
-0.0444902
-0.0444847
-0.0444793
-0.0444738
-0.0444683
-0.0444629
-0.0444574
-0.044452
-0.0444465
-0.0444411
-0.0444357
-0.0444302
-0.0444248
-0.0444194
-0.044414
-0.0444086
-0.0444033
-0.0443979
-0.0443925
-0.0443871
-0.0443818
-0.0443764
-0.0443711
-0.0443658
-0.0443604
-0.0443551
-0.0443498
-0.0443445
-0.0443392
-0.0443339
-0.0443286
-0.0443233
-0.044318
-0.0443127
-0.0443075
-0.0443022
-0.044297
-0.0442917
-0.0442865
-0.0442812
-0.044276
-0.0442708
-0.0442656
-0.0442604
-0.0442552
-0.04425
-0.0442448
-0.0442396
-0.0442344
-0.0442293
-0.0442241
-0.044219
-0.0442138
-0.0442087
-0.0442035
-0.0441984
-0.0441933
-0.0441882
-0.0441831
-0.044178
-0.0441729
-0.0441678
-0.0441627
-0.0441576
-0.0441525
-0.0441475
-0.0441424
-0.0441374
-0.0441323
-0.0441273
-0.0441222
-0.0441172
-0.0441122
-0.0441072
-0.0441022
-0.0440972
-0.0440922
-0.0440872
-0.0440822
-0.0440772
-0.0440723
-0.0440673
-0.0440623
-0.0440574
-0.0440524
-0.0440475
-0.0440426
-0.0440376
-0.0440327
-0.0440278
-0.0440229
-0.044018
-0.0440131
-0.0440082
-0.0440033
-0.0439984
-0.0439936
-0.0439887
-0.0439838
-0.043979
-0.0439741
-0.0439693
-0.0439645
-0.0439596
-0.0439548
-0.04395
-0.0439452
-0.0439404
-0.0439356
-0.0439308
-0.043926
-0.0439212
-0.0439164
-0.0439117
-0.0439069
-0.0439021
-0.0438974
-0.0438926
-0.0438879
-0.0438832
-0.0438784
-0.0438737
-0.043869
-0.0438643
-0.0438596
-0.0438549
-0.0438502
-0.0438455
-0.0438408
-0.0438361
-0.0438315
-0.0438268
-0.0438221
-0.0438175
-0.0438128
-0.0438082
-0.0438036
-0.0437989
-0.0437943
-0.0437897
-0.0437851
-0.0437805
-0.0437759
-0.0437713
-0.0437667
-0.0437621
-0.0437575
-0.043753
-0.0437484
-0.0437438
-0.0437393
-0.0437347
-0.0437302
-0.0437257
-0.0437211
-0.0437166
-0.0437121
-0.0437076
-0.0437031
-0.0436986
-0.0436941
-0.0436896
-0.0436851
-0.0436806
-0.0436761
-0.0436717
-0.0436672
-0.0436627
-0.0436583
-0.0436538
-0.0436494
-0.0436449
-0.0436405
-0.0436361
-0.0436317
-0.0436273
-0.0436229
-0.0436184
-0.043614
-0.0436097
-0.0436053
-0.0436009
-0.0435965
-0.0435921
-0.0435878
-0.0435834
-0.0435791
-0.0435747
-0.0435704
-0.043566
-0.0435617
-0.0435574
-0.0435531
-0.0435487
-0.0435444
-0.0435401
-0.0435358
-0.0435315
-0.0435272
-0.043523
-0.0435187
-0.0435144
-0.0435101
-0.0435059
-0.0435016
-0.0434974
-0.0434931
-0.0434889
-0.0434846
-0.0434804
-0.0434762
-0.043472
-0.0434677
-0.0434635
-0.0434593
-0.0434551
-0.0434509
-0.0434468
-0.0434426
-0.0434384
-0.0434342
-0.0434301
-0.0434259
-0.0434217
-0.0434176
-0.0434134
-0.0434093
-0.0434052
-0.043401
-0.0433969
-0.0433928
-0.0433887
-0.0433846
-0.0433804
-0.0433763
-0.0433722
-0.0433682
-0.0433641
-0.04336
-0.0433559
-0.0433518
-0.0433478
-0.0433437
-0.0433397
-0.0433356
-0.0433316
-0.0433275
-0.0433235
-0.0433195
-0.0433154
-0.0433114
-0.0433074
-0.0433034
-0.0432994
-0.0432954
-0.0432914
-0.0432874
-0.0432834
-0.0432795
-0.0432755
-0.0432715
-0.0432675
-0.0432636
-0.0432596
-0.0432557
-0.0432517
-0.0432478
-0.0432439
-0.0432399
-0.043236
-0.0432321
-0.0432282
-0.0432243
-0.0432204
-0.0432165
-0.0432126
-0.0432087
-0.0432048
-0.0432009
-0.043197
-0.0431932
-0.0431893
-0.0431854
-0.0431816
-0.0431777
-0.0431739
-0.04317
-0.0431662
-0.0431624
-0.0431585
-0.0431547
-0.0431509
-0.0431471
-0.0431433
-0.0431395
-0.0431357
-0.0431319
-0.0431281
-0.0431243
-0.0431205
-0.0431167
-0.043113
-0.0431092
-0.0431054
-0.0431017
-0.0430979
-0.0430942
-0.0430904
-0.0430867
-0.043083
-0.0430792
-0.0430755
-0.0430718
-0.0430681
-0.0430644
-0.0430607
-0.043057
-0.0430533
-0.0430496
-0.0430459
-0.0430422
-0.0430385
-0.0430349
-0.0430312
-0.0430275
-0.0430239
-0.0430202
-0.0430166
-0.0430129
-0.0430093
-0.0430056
-0.043002
-0.0429984
-0.0429948
-0.0429911
-0.0429875
-0.0429839
-0.0429803
-0.0429767
-0.0429731
-0.0429695
-0.0429659
-0.0429623
-0.0429588
-0.0429552
-0.0429516
-0.0429481
-0.0429445
-0.0429409
-0.0429374
-0.0429338
-0.0429303
-0.0429268
-0.0429232
-0.0429197
-0.0429162
-0.0429127
-0.0429091
-0.0429056
-0.0429021
-0.0428986
-0.0428951
-0.0428916
-0.0428881
-0.0428846
-0.0428812
-0.0428777
-0.0428742
-0.0428708
-0.0428673
-0.0428638
-0.0428604
-0.0428569
-0.0428535
-0.04285
-0.0428466
-0.0428432
-0.0428397
-0.0428363
-0.0428329
-0.0428295
-0.0428261
-0.0428226
-0.0428192
-0.0428158
-0.0428125
-0.0428091
-0.0428057
-0.0428023
-0.0427989
-0.0427955
-0.0427922
-0.0427888
-0.0427854
-0.0427821
-0.0427787
-0.0427754
-0.042772
-0.0427687
-0.0427654
-0.042762
-0.0427587
-0.0427554
-0.0427521
-0.0427487
-0.0427454
-0.0427421
-0.0427388
-0.0427355
-0.0427322
-0.0427289
-0.0427257
-0.0427224
-0.0427191
-0.0427158
-0.0427125
-0.0427093
-0.042706
-0.0427028
-0.0426995
-0.0426963
-0.042693
-0.0426898
-0.0426865
-0.0426833
-0.0426801
-0.0426768
-0.0426736
-0.0426704
-0.0426672
-0.042664
-0.0426608
-0.0426576
-0.0426544
-0.0426512
-0.042648
-0.0426448
-0.0426416
-0.0426384
-0.0426353
-0.0426321
-0.0426289
-0.0426258
-0.0426226
-0.0426195
-0.0426163
-0.0426132
-0.04261
-0.0426069
-0.0426038
-0.0426006
-0.0425975
-0.0425944
-0.0425913
-0.0425881
-0.042585
-0.0425819
-0.0425788
-0.0425757
-0.0425726
-0.0425695
-0.0425665
-0.0425634
-0.0425603
-0.0425572
-0.0425541
-0.0425511
-0.042548
-0.0425449
-0.0425419
-0.0425388
-0.0425358
-0.0425327
-0.0425297
-0.0425267
-0.0425236
-0.0425206
-0.0425176
-0.0425146
-0.0425115
-0.0425085
-0.0425055
-0.0425025
-0.0424995
-0.0424965
-0.0424935
-0.0424905
-0.0424875
-0.0424845
-0.0424816
-0.0424786
-0.0424756
-0.0424726
-0.0424697
-0.0424667
-0.0424637
-0.0424608
-0.0424578
-0.0424549
-0.0424519
-0.042449
-0.0424461
-0.0424431
-0.0424402
-0.0424373
-0.0424344
-0.0424314
-0.0424285
-0.0424256
-0.0424227
-0.0424198
-0.0424169
-0.042414
-0.0424111
-0.0424082
-0.0424053
-0.0424024
-0.0423996
-0.0423967
-0.0423938
-0.042391
-0.0423881
-0.0423852
-0.0423824
-0.0423795
-0.0423767
-0.0423738
-0.042371
-0.0423681
-0.0423653
-0.0423625
-0.0423596
-0.0423568
-0.042354
-0.0423512
-0.0423484
-0.0423456
-0.0423427
-0.0423399
-0.0423371
-0.0423343
-0.0423315
-0.0423288
-0.042326
-0.0423232
-0.0423204
-0.0423176
-0.0423149
-0.0423121
-0.0423093
-0.0423066
-0.0423038
-0.042301
-0.0422983
-0.0422955
-0.0422928
-0.0422901
-0.0422873
-0.0422846
-0.0422819
-0.0422791
-0.0422764
-0.0422737
-0.042271
-0.0422682
-0.0422655
-0.0422628
-0.0422601
-0.0422574
-0.0422547
-0.042252
-0.0422493
-0.0422467
-0.042244
-0.0422413
-0.0422386
-0.0422359
-0.0422333
-0.0422306
-0.0422279
-0.0422253
-0.0422226
-0.04222
-0.0422173
-0.0422147
-0.042212
-0.0422094
-0.0422067
-0.0422041
-0.0422015
-0.0421989
-0.0421962
-0.0421936
-0.042191
-0.0421884
-0.0421858
-0.0421832
-0.0421805
-0.0421779
-0.0421753
-0.0421728
-0.0421702
-0.0421676
-0.042165
-0.0421624
-0.0421598
-0.0421573
-0.0421547
-0.0421521
-0.0421495
-0.042147
-0.0421444
-0.0421419
-0.0421393
-0.0421368
-0.0421342
-0.0421317
-0.0421291
-0.0421266
-0.0421241
-0.0421215
-0.042119
-0.0421165
-0.042114
-0.0421114
-0.0421089
-0.0421064
-0.0421039
-0.0421014
-0.0420989
-0.0420964
-0.0420939
-0.0420914
-0.0420889
-0.0420864
-0.0420839
-0.0420815
-0.042079
-0.0420765
-0.042074
-0.0420716
-0.0420691
-0.0420666
-0.0420642
-0.0420617
-0.0420593
-0.0420568
-0.0420544
-0.0420519
-0.0420495
-0.0420471
-0.0420446
-0.0420422
-0.0420398
-0.0420373
-0.0420349
-0.0420325
-0.0420301
-0.0420277
-0.0420252
-0.0420228
-0.0420204
-0.042018
-0.0420156
-0.0420132
-0.0420108
-0.0420085
-0.0420061
-0.0420037
-0.0420013
-0.0419989
-0.0419966
-0.0419942
-0.0419918
-0.0419894
-0.0419871
-0.0419847
-0.0419824
-0.04198
-0.0419777
-0.0419753
-0.041973
-0.0419706
-0.0419683
-0.041966
-0.0419636
-0.0419613
-0.041959
-0.0419566
-0.0419543
-0.041952
-0.0419497
-0.0419474
-0.0419451
-0.0419427
-0.0419404
-0.0419381
-0.0419358
-0.0419335
-0.0419313
-0.041929
-0.0419267
-0.0419244
-0.0419221
-0.0419198
-0.0419176
-0.0419153
-0.041913
-0.0419107
-0.0419085
-0.0419062
-0.041904
-0.0419017
-0.0418995
-0.0418972
-0.041895
-0.0418927
-0.0418905
-0.0418882
-0.041886
-0.0418838
-0.0418815
-0.0418793
-0.0418771
-0.0418749
-0.0418726
-0.0418704
-0.0418682
-0.041866
-0.0418638
-0.0418616
-0.0418594
-0.0418572
-0.041855
-0.0418528
-0.0418506
-0.0418484
-0.0418462
-0.041844
-0.0418418
-0.0418397
-0.0418375
-0.0418353
-0.0418332
-0.041831
-0.0418288
-0.0418267
-0.0418245
-0.0418223
-0.0418202
-0.041818
-0.0418159
-0.0418137
-0.0418116
-0.0418095
-0.0418073
-0.0418052
-0.0418031
-0.0418009
-0.0417988
-0.0417967
-0.0417945
-0.0417924
-0.0417903
-0.0417882
-0.0417861
-0.041784
-0.0417819
-0.0417798
-0.0417777
-0.0417756
-0.0417735
-0.0417714
-0.0417693
-0.0417672
-0.0417651
-0.041763
-0.041761
-0.0417589
-0.0417568
-0.0417547
-0.0417527
-0.0417506
-0.0417485
-0.0417465
-0.0417444
-0.0417423
-0.0417403
-0.0417382
-0.0417362
-0.0417341
-0.0417321
-0.0417301
-0.041728
-0.041726
-0.041724
-0.0417219
-0.0417199
-0.0417179
-0.0417158
-0.0417138
-0.0417118
-0.0417098
-0.0417078
-0.0417058
-0.0417038
-0.0417018
-0.0416997
-0.0416977
-0.0416957
-0.0416938
-0.0416918
-0.0416898
-0.0416878
-0.0416858
-0.0416838
-0.0416818
-0.0416799
-0.0416779
-0.0416759
-0.0416739
-0.041672
-0.04167
-0.041668
-0.0416661
-0.0416641
-0.0416622
-0.0416602
-0.0416582
-0.0416563
-0.0416544
-0.0416524
-0.0416505
-0.0416485
-0.0416466
-0.0416447
-0.0416427
-0.0416408
-0.0416389
-0.0416369
-0.041635
-0.0416331
-0.0416312
-0.0416293
-0.0416274
-0.0416254
-0.0416235
-0.0416216
-0.0416197
-0.0416178
-0.0416159
-0.041614
-0.0416121
-0.0416102
-0.0416084
-0.0416065
-0.0416046
-0.0416027
-0.0416008
-0.0415989
-0.0415971
-0.0415952
-0.0415933
-0.0415915
-0.0415896
-0.0415877
-0.0415859
-0.041584
-0.0415822
-0.0415803
-0.0415785
-0.0415766
-0.0415748
-0.0415729
-0.0415711
-0.0415692
-0.0415674
-0.0415656
-0.0415637
-0.0415619
-0.0415601
-0.0415582
-0.0415564
-0.0415546
-0.0415528
-0.041551
-0.0415491
-0.0415473
-0.0415455
-0.0415437
-0.0415419
-0.0415401
-0.0415383
-0.0415365
-0.0415347
-0.0415329
-0.0415311
-0.0415293
-0.0415275
-0.0415257
-0.041524
-0.0415222
-0.0415204
-0.0415186
-0.0415169
-0.0415151
-0.0415133
-0.0415115
-0.0415098
-0.041508
-0.0415062
-0.0415045
-0.0415027
-0.041501
-0.0414992
-0.0414975
-0.0414957
-0.041494
-0.0414922
-0.0414905
-0.0414888
-0.041487
-0.0414853
-0.0414836
-0.0414818
-0.0414801
-0.0414784
-0.0414766
-0.0414749
-0.0414732
-0.0414715
-0.0414698
-0.0414681
-0.0414663
-0.0414646
-0.0414629
-0.0414612
-0.0414595
-0.0414578
-0.0414561
-0.0414544
-0.0414527
-0.041451
-0.0414493
-0.0414477
-0.041446
-0.0414443
-0.0414426
-0.0414409
-0.0414392
-0.0414376
-0.0414359
-0.0414342
-0.0414326
-0.0414309
-0.0414292
-0.0414276
-0.0414259
-0.0414242
-0.0414226
-0.0414209
-0.0414193
-0.0414176
-0.041416
-0.0414143
-0.0414127
-0.041411
-0.0414094
-0.0414078
-0.0414061
-0.0414045
-0.0414029
-0.0414012
-0.0413996
-0.041398
-0.0413964
-0.0413947
-0.0413931
-0.0413915
-0.0413899
-0.0413883
-0.0413867
-0.041385
-0.0413834
-0.0413818
-0.0413802
-0.0413786
-0.041377
-0.0413754
-0.0413738
-0.0413722
-0.0413706
-0.0413691
-0.0413675
-0.0413659
-0.0413643
-0.0413627
-0.0413611
-0.0413596
-0.041358
-0.0413564
-0.0413548
-0.0413533
-0.0413517
-0.0413501
-0.0413486
-0.041347
-0.0413454
-0.0413439
-0.0413423
-0.0413408
-0.0413392
-0.0413377
-0.0413361
-0.0413346
-0.041333
-0.0413315
-0.04133
-0.0413284
-0.0413269
-0.0413253
-0.0413238
-0.0413223
-0.0413207
-0.0413192
-0.0413177
-0.0413162
-0.0413146
-0.0413131
-0.0413116
-0.0413101
-0.0413086
-0.0413071
-0.0413056
-0.041304
-0.0413025
-0.041301
-0.0412995
-0.041298
-0.0412965
-0.041295
-0.0412935
-0.041292
-0.0412906
-0.0412891
-0.0412876
-0.0412861
-0.0412846
-0.0412831
-0.0412816
-0.0412802
-0.0412787
-0.0412772
-0.0412757
-0.0412743
-0.0412728
-0.0412713
-0.0412699
-0.0412684
-0.0412669
-0.0412655
-0.041264
-0.0412626
-0.0412611
-0.0412597
-0.0412582
-0.0412568
-0.0412553
-0.0412539
-0.0412524
-0.041251
-0.0412495
-0.0412481
-0.0412467
-0.0412452
-0.0412438
-0.0412424
-0.0412409
-0.0412395
-0.0412381
-0.0412367
-0.0412352
-0.0412338
-0.0412324
-0.041231
-0.0412296
-0.0412282
-0.0412267
-0.0412253
-0.0412239
-0.0412225
-0.0412211
-0.0412197
-0.0412183
-0.0412169
-0.0412155
-0.0412141
-0.0412127
-0.0412113
-0.0412099
-0.0412085
-0.0412072
-0.0412058
-0.0412044
-0.041203
-0.0412016
-0.0412002
-0.0411989
-0.0411975
-0.0411961
-0.0411947
-0.0411934
-0.041192
-0.0411906
-0.0411893
-0.0411879
-0.0411866
-0.0411852
-0.0411838
-0.0411825
-0.0411811
-0.0411798
-0.0411784
-0.0411771
-0.0411757
-0.0411744
-0.041173
-0.0411717
-0.0411703
-0.041169
-0.0411677
-0.0411663
-0.041165
-0.0411637
-0.0411623
-0.041161
-0.0411597
-0.0411584
-0.041157
-0.0411557
-0.0411544
-0.0411531
-0.0411517
-0.0411504
-0.0411491
-0.0411478
-0.0411465
-0.0411452
-0.0411439
-0.0411426
-0.0411413
-0.04114
-0.0411387
-0.0411374
-0.0411361
-0.0411348
-0.0411335
-0.0411322
-0.0411309
-0.0411296
-0.0411283
-0.041127
-0.0411257
-0.0411244
-0.0411232
-0.0411219
-0.0411206
-0.0411193
-0.0411181
-0.0411168
-0.0411155
-0.0411142
-0.041113
-0.0411117
-0.0411104
-0.0411092
-0.0411079
-0.0411066
-0.0411054
-0.0411041
-0.0411029
-0.0411016
-0.0411004
-0.0410991
-0.0410979
-0.0410966
-0.0410954
-0.0410941
-0.0410929
-0.0410916
-0.0410904
-0.0410891
-0.0410879
-0.0410867
-0.0410854
-0.0410842
-0.041083
-0.0410817
-0.0410805
-0.0410793
-0.0410781
-0.0410768
-0.0410756
-0.0410744
-0.0410732
-0.0410719
-0.0410707
-0.0410695
-0.0410683
-0.0410671
-0.0410659
-0.0410647
-0.0410635
-0.0410623
-0.0410611
-0.0410599
-0.0410586
-0.0410574
-0.0410563
-0.0410551
-0.0410539
-0.0410527
-0.0410515
-0.0410503
-0.0410491
-0.0410479
-0.0410467
-0.0410455
-0.0410443
-0.0410432
-0.041042
-0.0410408
-0.0410396
-0.0410385
-0.0410373
-0.0410361
-0.0410349
-0.0410338
-0.0410326
-0.0410314
-0.0410303
-0.0410291
-0.0410279
-0.0410268
-0.0410256
-0.0410244
-0.0410233
-0.0410221
-0.041021
-0.0410198
-0.0410187
-0.0410175
-0.0410164
-0.0410152
-0.0410141
-0.0410129
-0.0410118
-0.0410107
-0.0410095
-0.0410084
-0.0410072
-0.0410061
-0.041005
-0.0410038
-0.0410027
-0.0410016
-0.0410004
-0.0409993
-0.0409982
-0.0409971
-0.0409959
-0.0409948
-0.0409937
-0.0409926
-0.0409915
-0.0409904
-0.0409892
-0.0409881
-0.040987
-0.0409859
-0.0409848
-0.0409837
-0.0409826
-0.0409815
-0.0409804
-0.0409793
-0.0409782
-0.0409771
-0.040976
-0.0409749
-0.0409738
-0.0409727
-0.0409716
-0.0409705
-0.0409694
-0.0409683
-0.0409672
-0.0409661
-0.0409651
-0.040964
-0.0409629
-0.0409618
-0.0409607
-0.0409597
-0.0409586
-0.0409575
-0.0409564
-0.0409554
-0.0409543
-0.0409532
-0.0409522
-0.0409511
-0.04095
-0.040949
-0.0409479
-0.0409468
-0.0409458
-0.0409447
-0.0409437
-0.0409426
-0.0409415
-0.0409405
-0.0409394
-0.0409384
-0.0409373
-0.0409363
-0.0409352
-0.0409342
-0.0409332
-0.0409321
-0.0409311
-0.04093
-0.040929
-0.0409279
-0.0409269
-0.0409259
-0.0409248
-0.0409238
-0.0409228
-0.0409217
-0.0409207
-0.0409197
-0.0409187
-0.0409176
-0.0409166
-0.0409156
-0.0409146
-0.0409135
-0.0409125
-0.0409115
-0.0409105
-0.0409095
-0.0409085
-0.0409075
-0.0409064
-0.0409054
-0.0409044
-0.0409034
-0.0409024
-0.0409014
-0.0409004
-0.0408994
-0.0408984
-0.0408974
-0.0408964
-0.0408954
-0.0408944
-0.0408934
-0.0408924
-0.0408914
-0.0408904
-0.0408894
-0.0408885
-0.0408875
-0.0408865
-0.0408855
-0.0408845
-0.0408835
-0.0408826
-0.0408816
-0.0408806
-0.0408796
-0.0408786
-0.0408777
-0.0408767
-0.0408757
-0.0408747
-0.0408738
-0.0408728
-0.0408718
-0.0408709
-0.0408699
-0.0408689
-0.040868
-0.040867
-0.0408661
-0.0408651
-0.0408641
-0.0408632
-0.0408622
-0.0408613
-0.0408603
-0.0408594
-0.0408584
-0.0408575
-0.0408565
-0.0408556
-0.0408546
-0.0408537
-0.0408527
-0.0408518
-0.0408508
-0.0408499
-0.040849
-0.040848
-0.0408471
-0.0408462
-0.0408452
-0.0408443
-0.0408434
-0.0408424
-0.0408415
-0.0408406
-0.0408396
-0.0408387
-0.0408378
-0.0408369
-0.0408359
-0.040835
-0.0408341
-0.0408332
-0.0408323
-0.0408313
-0.0408304
-0.0408295
-0.0408286
-0.0408277
-0.0408268
-0.0408259
-0.040825
-0.040824
-0.0408231
-0.0408222
-0.0408213
-0.0408204
-0.0408195
-0.0408186
-0.0408177
-0.0408168
-0.0408159
-0.040815
-0.0408141
-0.0408132
-0.0408123
-0.0408115
-0.0408106
-0.0408097
-0.0408088
-0.0408079
-0.040807
-0.0408061
-0.0408052
-0.0408044
-0.0408035
-0.0408026
-0.0408017
-0.0408008
-0.0408
-0.0407991
-0.0407982
-0.0407973
-0.0407965
-0.0407956
-0.0407947
-0.0407938
-0.040793
-0.0407921
-0.0407912
-0.0407904
-0.0407895
-0.0407886
-0.0407878
-0.0407869
-0.0407861
-0.0407852
-0.0407843
-0.0407835
-0.0407826
-0.0407818
-0.0407809
-0.0407801
-0.0407792
-0.0407784
-0.0407775
-0.0407767
-0.0407758
-0.040775
-0.0407741
-0.0407733
-0.0407724
-0.0407716
-0.0407707
-0.0407699
-0.0407691
-0.0407682
-0.0407674
-0.0407666
-0.0407657
-0.0407649
-0.0407641
-0.0407632
-0.0407624
-0.0407616
-0.0407607
-0.0407599
-0.0407591
-0.0407582
-0.0407574
-0.0407566
-0.0407558
-0.040755
-0.0407541
-0.0407533
-0.0407525
-0.0407517
-0.0407509
-0.04075
-0.0407492
-0.0407484
-0.0407476
-0.0407468
-0.040746
-0.0407452
-0.0407444
-0.0407436
-0.0407428
-0.0407419
-0.0407411
-0.0407403
-0.0407395
-0.0407387
-0.0407379
-0.0407371
-0.0407363
-0.0407355
-0.0407347
-0.0407339
-0.0407332
-0.0407324
-0.0407316
-0.0407308
-0.04073
-0.0407292
-0.0407284
-0.0407276
-0.0407268
-0.040726
-0.0407253
-0.0407245
-0.0407237
-0.0407229
-0.0407221
-0.0407214
-0.0407206
-0.0407198
-0.040719
-0.0407182
-0.0407175
-0.0407167
-0.0407159
-0.0407152
-0.0407144
-0.0407136
-0.0407128
-0.0407121
-0.0407113
-0.0407105
-0.0407098
-0.040709
-0.0407083
-0.0407075
-0.0407067
-0.040706
-0.0407052
-0.0407044
-0.0407037
-0.0407029
-0.0407022
-0.0407014
-0.0407007
-0.0406999
-0.0406992
-0.0406984
-0.0406977
-0.0406969
-0.0406962
-0.0406954
-0.0406947
-0.0406939
-0.0406932
-0.0406924
-0.0406917
-0.040691
-0.0406902
-0.0406895
-0.0406887
-0.040688
-0.0406873
-0.0406865
-0.0406858
-0.0406851
-0.0406843
-0.0406836
-0.0406829
-0.0406821
-0.0406814
-0.0406807
-0.0406799
-0.0406792
-0.0406785
-0.0406778
-0.040677
-0.0406763
-0.0406756
-0.0406749
-0.0406742
-0.0406734
-0.0406727
-0.040672
-0.0406713
-0.0406706
-0.0406698
-0.0406691
-0.0406684
-0.0406677
-0.040667
-0.0406663
-0.0406656
-0.0406649
-0.0406642
-0.0406635
-0.0406627
-0.040662
-0.0406613
-0.0406606
-0.0406599
-0.0406592
-0.0406585
-0.0406578
-0.0406571
-0.0406564
-0.0406557
-0.040655
-0.0406543
-0.0406536
-0.0406529
-0.0406523
-0.0406516
-0.0406509
-0.0406502
-0.0406495
-0.0406488
-0.0406481
-0.0406474
-0.0406467
-0.0406461
-0.0406454
-0.0406447
-0.040644
-0.0406433
-0.0406426
-0.040642
-0.0406413
-0.0406406
-0.0406399
-0.0406392
-0.0406386
-0.0406379
-0.0406372
-0.0406365
-0.0406359
-0.0406352
-0.0406345
-0.0406339
-0.0406332
-0.0406325
-0.0406319
-0.0406312
-0.0406305
-0.0406299
-0.0406292
-0.0406285
-0.0406279
-0.0406272
-0.0406265
-0.0406259
-0.0406252
-0.0406246
-0.0406239
-0.0406233
-0.0406226
-0.0406219
-0.0406213
-0.0406206
-0.04062
-0.0406193
-0.0406187
-0.040618
-0.0406174
-0.0406167
-0.0406161
-0.0406154
-0.0406148
-0.0406141
-0.0406135
-0.0406129
-0.0406122
-0.0406116
-0.0406109
-0.0406103
-0.0406096
-0.040609
-0.0406084
-0.0406077
-0.0406071
-0.0406065
-0.0406058
-0.0406052
-0.0406046
-0.0406039
-0.0406033
-0.0406027
-0.040602
-0.0406014
-0.0406008
-0.0406001
-0.0405995
-0.0405989
-0.0405983
-0.0405976
-0.040597
-0.0405964
-0.0405958
-0.0405951
-0.0405945
-0.0405939
-0.0405933
-0.0405927
-0.040592
-0.0405914
-0.0405908
-0.0405902
-0.0405896
-0.040589
-0.0405884
-0.0405877
-0.0405871
-0.0405865
-0.0405859
-0.0405853
-0.0405847
-0.0405841
-0.0405835
-0.0405829
-0.0405823
-0.0405817
-0.0405811
-0.0405805
-0.0405798
-0.0405792
-0.0405786
-0.040578
-0.0405774
-0.0405768
-0.0405762
-0.0405757
-0.0405751
-0.0405745
-0.0405739
-0.0405733
-0.0405727
-0.0405721
-0.0405715
-0.0405709
-0.0405703
-0.0405697
-0.0405691
-0.0405685
-0.040568
-0.0405674
-0.0405668
-0.0405662
-0.0405656
-0.040565
-0.0405644
-0.0405639
-0.0405633
-0.0405627
-0.0405621
-0.0405615
-0.040561
-0.0405604
-0.0405598
-0.0405592
-0.0405586
-0.0405581
-0.0405575
-0.0405569
-0.0405563
-0.0405558
-0.0405552
-0.0405546
-0.0405541
-0.0405535
-0.0405529
-0.0405524
-0.0405518
-0.0405512
-0.0405507
-0.0405501
-0.0405495
-0.040549
-0.0405484
-0.0405478
-0.0405473
-0.0405467
-0.0405462
-0.0405456
-0.040545
-0.0405445
-0.0405439
-0.0405434
-0.0405428
-0.0405422
-0.0405417
-0.0405411
-0.0405406
-0.04054
-0.0405395
-0.0405389
-0.0405384
-0.0405378
-0.0405373
-0.0405367
-0.0405362
-0.0405356
-0.0405351
-0.0405345
-0.040534
-0.0405335
-0.0405329
-0.0405324
-0.0405318
-0.0405313
-0.0405307
-0.0405302
-0.0405297
-0.0405291
-0.0405286
-0.040528
-0.0405275
-0.040527
-0.0405264
-0.0405259
-0.0405254
-0.0405248
-0.0405243
-0.0405238
-0.0405232
-0.0405227
-0.0405222
-0.0405216
-0.0405211
-0.0405206
-0.0405201
-0.0405195
-0.040519
-0.0405185
-0.0405179
-0.0405174
-0.0405169
-0.0405164
-0.0405159
-0.0405153
-0.0405148
-0.0405143
-0.0405138
-0.0405133
-0.0405127
-0.0405122
-0.0405117
-0.0405112
-0.0405107
-0.0405101
-0.0405096
-0.0405091
-0.0405086
-0.0405081
-0.0405076
-0.0405071
-0.0405066
-0.040506
-0.0405055
-0.040505
-0.0405045
-0.040504
-0.0405035
-0.040503
-0.0405025
-0.040502
-0.0405015
-0.040501
-0.0405005
-0.0405
-0.0404995
-0.040499
-0.0404985
-0.040498
-0.0404975
-0.040497
-0.0404965
-0.040496
-0.0404955
-0.040495
-0.0404945
-0.040494
-0.0404935
-0.040493
-0.0404925
-0.040492
-0.0404915
-0.040491
-0.0404905
-0.04049
-0.0404896
-0.0404891
-0.0404886
-0.0404881
-0.0404876
-0.0404871
-0.0404866
-0.0404861
-0.0404857
-0.0404852
-0.0404847
-0.0404842
-0.0404837
-0.0404832
-0.0404828
-0.0404823
-0.0404818
-0.0404813
-0.0404808
-0.0404804
-0.0404799
-0.0404794
-0.0404789
-0.0404785
-0.040478
-0.0404775
-0.040477
-0.0404766
-0.0404761
-0.0404756
-0.0404751
-0.0404747
-0.0404742
-0.0404737
-0.0404733
-0.0404728
-0.0404723
-0.0404719
-0.0404714
-0.0404709
-0.0404705
-0.04047
-0.0404695
-0.0404691
-0.0404686
-0.0404681
-0.0404677
-0.0404672
-0.0404668
-0.0404663
-0.0404658
-0.0404654
-0.0404649
-0.0404645
-0.040464
-0.0404635
-0.0404631
-0.0404626
-0.0404622
-0.0404617
-0.0404613
-0.0404608
-0.0404604
-0.0404599
-0.0404595
-0.040459
-0.0404586
-0.0404581
-0.0404577
-0.0404572
-0.0404568
-0.0404563
-0.0404559
-0.0404554
-0.040455
-0.0404545
-0.0404541
-0.0404536
-0.0404532
-0.0404527
-0.0404523
-0.0404519
-0.0404514
-0.040451
-0.0404505
-0.0404501
-0.0404497
-0.0404492
-0.0404488
-0.0404483
-0.0404479
-0.0404475
-0.040447
-0.0404466
-0.0404462
-0.0404457
-0.0404453
-0.0404449
-0.0404444
-0.040444
-0.0404436
-0.0404431
-0.0404427
-0.0404423
-0.0404418
-0.0404414
-0.040441
-0.0404405
-0.0404401
-0.0404397
-0.0404393
-0.0404388
-0.0404384
-0.040438
-0.0404376
-0.0404371
-0.0404367
-0.0404363
-0.0404359
-0.0404354
-0.040435
-0.0404346
-0.0404342
-0.0404338
-0.0404333
-0.0404329
-0.0404325
-0.0404321
-0.0404317
-0.0404313
-0.0404308
-0.0404304
-0.04043
-0.0404296
-0.0404292
-0.0404288
-0.0404283
-0.0404279
-0.0404275
-0.0404271
-0.0404267
-0.0404263
-0.0404259
-0.0404255
-0.0404251
-0.0404247
-0.0404242
-0.0404238
-0.0404234
-0.040423
-0.0404226
-0.0404222
-0.0404218
-0.0404214
-0.040421
-0.0404206
-0.0404202
-0.0404198
-0.0404194
-0.040419
-0.0404186
-0.0404182
-0.0404178
-0.0404174
-0.040417
-0.0404166
-0.0404162
-0.0404158
-0.0404154
-0.040415
-0.0404146
-0.0404142
-0.0404138
-0.0404134
-0.040413
-0.0404126
-0.0404122
-0.0404118
-0.0404115
-0.0404111
-0.0404107
-0.0404103
-0.0404099
-0.0404095
-0.0404091
-0.0404087
-0.0404083
-0.0404079
-0.0404076
-0.0404072
-0.0404068
-0.0404064
-0.040406
-0.0404056
-0.0404052
-0.0404049
-0.0404045
-0.0404041
-0.0404037
-0.0404033
-0.040403
-0.0404026
-0.0404022
-0.0404018
-0.0404014
-0.0404011
-0.0404007
-0.0404003
-0.0403999
-0.0403995
-0.0403992
-0.0403988
-0.0403984
-0.040398
-0.0403977
-0.0403973
-0.0403969
-0.0403965
-0.0403962
-0.0403958
-0.0403954
-0.0403951
-0.0403947
-0.0403943
-0.0403939
-0.0403936
-0.0403932
-0.0403928
-0.0403925
-0.0403921
-0.0403917
-0.0403914
-0.040391
-0.0403906
-0.0403903
-0.0403899
-0.0403895
-0.0403892
-0.0403888
-0.0403884
-0.0403881
-0.0403877
-0.0403874
-0.040387
-0.0403866
-0.0403863
-0.0403859
-0.0403856
-0.0403852
-0.0403848
-0.0403845
-0.0403841
-0.0403838
-0.0403834
-0.040383
-0.0403827
-0.0403823
-0.040382
-0.0403816
-0.0403813
-0.0403809
-0.0403806
-0.0403802
-0.0403799
-0.0403795
-0.0403792
-0.0403788
-0.0403785
-0.0403781
-0.0403778
-0.0403774
-0.0403771
-0.0403767
-0.0403764
-0.040376
-0.0403757
-0.0403753
-0.040375
-0.0403746
-0.0403743
-0.0403739
-0.0403736
-0.0403732
-0.0403729
-0.0403726
-0.0403722
-0.0403719
-0.0403715
-0.0403712
-0.0403708
-0.0403705
-0.0403702
-0.0403698
-0.0403695
-0.0403691
-0.0403688
-0.0403685
-0.0403681
-0.0403678
-0.0403675
-0.0403671
-0.0403668
-0.0403664
-0.0403661
-0.0403658
-0.0403654
-0.0403651
-0.0403648
-0.0403644
-0.0403641
-0.0403638
-0.0403634
-0.0403631
-0.0403628
-0.0403625
-0.0403621
-0.0403618
-0.0403615
-0.0403611
-0.0403608
-0.0403605
-0.0403601
-0.0403598
-0.0403595
-0.0403592
-0.0403588
-0.0403585
-0.0403582
-0.0403579
-0.0403575
-0.0403572
-0.0403569
-0.0403566
-0.0403562
-0.0403559
-0.0403556
-0.0403553
-0.040355
-0.0403546
-0.0403543
-0.040354
-0.0403537
-0.0403534
-0.040353
-0.0403527
-0.0403524
-0.0403521
-0.0403518
-0.0403514
-0.0403511
-0.0403508
-0.0403505
-0.0403502
-0.0403499
-0.0403496
-0.0403492
-0.0403489
-0.0403486
-0.0403483
-0.040348
-0.0403477
-0.0403474
-0.0403471
-0.0403467
-0.0403464
-0.0403461
-0.0403458
-0.0403455
-0.0403452
-0.0403449
-0.0403446
-0.0403443
-0.040344
-0.0403437
-0.0403433
-0.040343
-0.0403427
-0.0403424
-0.0403421
-0.0403418
-0.0403415
-0.0403412
-0.0403409
-0.0403406
-0.0403403
-0.04034
-0.0403397
-0.0403394
-0.0403391
-0.0403388
-0.0403385
-0.0403382
-0.0403379
-0.0403376
-0.0403373
-0.040337
-0.0403367
-0.0403364
-0.0403361
-0.0403358
-0.0403355
-0.0403352
-0.0403349
-0.0403346
-0.0403343
-0.040334
-0.0403337
-0.0403334
-0.0403331
-0.0403328
-0.0403326
-0.0403323
-0.040332
-0.0403317
-0.0403314
-0.0403311
-0.0403308
-0.0403305
-0.0403302
-0.0403299
-0.0403296
-0.0403293
-0.0403291
-0.0403288
-0.0403285
-0.0403282
-0.0403279
-0.0403276
-0.0403273
-0.040327
-0.0403268
-0.0403265
-0.0403262
-0.0403259
-0.0403256
-0.0403253
-0.0403251
-0.0403248
-0.0403245
-0.0403242
-0.0403239
-0.0403236
-0.0403234
-0.0403231
-0.0403228
-0.0403225
-0.0403222
-0.040322
-0.0403217
-0.0403214
-0.0403211
-0.0403208
-0.0403206
-0.0403203
-0.04032
-0.0403197
-0.0403194
-0.0403192
-0.0403189
-0.0403186
-0.0403183
-0.0403181
-0.0403178
-0.0403175
-0.0403172
-0.040317
-0.0403167
-0.0403164
-0.0403161
-0.0403159
-0.0403156
-0.0403153
-0.0403151
-0.0403148
-0.0403145
-0.0403142
-0.040314
-0.0403137
-0.0403134
-0.0403132
-0.0403129
-0.0403126
-0.0403124
-0.0403121
-0.0403118
-0.0403116
-0.0403113
-0.040311
-0.0403108
-0.0403105
-0.0403102
-0.04031
-0.0403097
-0.0403094
-0.0403092
-0.0403089
-0.0403086
-0.0403084
-0.0403081
-0.0403079
-0.0403076
-0.0403073
-0.0403071
-0.0403068
-0.0403066
-0.0403063
-0.040306
-0.0403058
-0.0403055
-0.0403053
-0.040305
-0.0403047
-0.0403045
-0.0403042
-0.040304
-0.0403037
-0.0403034
-0.0403032
-0.0403029
-0.0403027
-0.0403024
-0.0403022
-0.0403019
-0.0403017
-0.0403014
-0.0403011
-0.0403009
-0.0403006
-0.0403004
-0.0403001
-0.0402999
-0.0402996
-0.0402994
-0.0402991
-0.0402989
-0.0402986
-0.0402984
-0.0402981
-0.0402979
-0.0402976
-0.0402974
-0.0402971
-0.0402969
-0.0402966
-0.0402964
-0.0402961
-0.0402959
-0.0402956
-0.0402954
-0.0402951
-0.0402949
-0.0402947
-0.0402944
-0.0402942
-0.0402939
-0.0402937
-0.0402934
-0.0402932
-0.0402929
-0.0402927
-0.0402925
-0.0402922
-0.040292
-0.0402917
-0.0402915
-0.0402912
-0.040291
-0.0402908
-0.0402905
-0.0402903
-0.04029
-0.0402898
-0.0402896
-0.0402893
-0.0402891
-0.0402888
-0.0402886
-0.0402884
-0.0402881
-0.0402879
-0.0402877
-0.0402874
-0.0402872
-0.0402869
-0.0402867
-0.0402865
-0.0402862
-0.040286
-0.0402858
-0.0402855
-0.0402853
-0.0402851
-0.0402848
-0.0402846
-0.0402844
-0.0402841
-0.0402839
-0.0402837
-0.0402834
-0.0402832
-0.040283
-0.0402827
-0.0402825
-0.0402823
-0.040282
-0.0402818
-0.0402816
-0.0402814
-0.0402811
-0.0402809
-0.0402807
-0.0402804
-0.0402802
-0.04028
-0.0402798
-0.0402795
-0.0402793
-0.0402791
-0.0402789
-0.0402786
-0.0402784
-0.0402782
-0.040278
-0.0402777
-0.0402775
-0.0402773
-0.0402771
-0.0402768
-0.0402766
-0.0402764
-0.0402762
-0.0402759
-0.0402757
-0.0402755
-0.0402753
-0.0402751
-0.0402748
-0.0402746
-0.0402744
-0.0402742
-0.0402739
-0.0402737
-0.0402735
-0.0402733
-0.0402731
-0.0402729
-0.0402726
-0.0402724
-0.0402722
-0.040272
-0.0402718
-0.0402715
-0.0402713
-0.0402711
-0.0402709
-0.0402707
-0.0402705
-0.0402703
-0.04027
-0.0402698
-0.0402696
-0.0402694
-0.0402692
-0.040269
-0.0402688
-0.0402685
-0.0402683
-0.0402681
-0.0402679
-0.0402677
-0.0402675
-0.0402673
-0.0402671
-0.0402668
-0.0402666
-0.0402664
-0.0402662
-0.040266
-0.0402658
-0.0402656
-0.0402654
-0.0402652
-0.040265
-0.0402647
-0.0402645
-0.0402643
-0.0402641
-0.0402639
-0.0402637
-0.0402635
-0.0402633
-0.0402631
-0.0402629
-0.0402627
-0.0402625
-0.0402623
-0.0402621
-0.0402619
-0.0402616
-0.0402614
-0.0402612
-0.040261
-0.0402608
-0.0402606
-0.0402604
-0.0402602
-0.04026
-0.0402598
-0.0402596
-0.0402594
-0.0402592
-0.040259
-0.0402588
-0.0402586
-0.0402584
-0.0402582
-0.040258
-0.0402578
-0.0402576
-0.0402574
-0.0402572
-0.040257
-0.0402568
-0.0402566
-0.0402564
-0.0402562
-0.040256
-0.0402558
-0.0402556
-0.0402554
-0.0402552
-0.040255
-0.0402548
-0.0402546
-0.0402544
-0.0402543
-0.0402541
-0.0402539
-0.0402537
-0.0402535
-0.0402533
-0.0402531
-0.0402529
-0.0402527
-0.0402525
-0.0402523
-0.0402521
-0.0402519
-0.0402517
-0.0402515
-0.0402513
-0.0402512
-0.040251
-0.0402508
-0.0402506
-0.0402504
-0.0402502
-0.04025
-0.0402498
-0.0402496
-0.0402494
-0.0402493
-0.0402491
-0.0402489
-0.0402487
-0.0402485
-0.0402483
-0.0402481
-0.0402479
-0.0402477
-0.0402476
-0.0402474
-0.0402472
-0.040247
-0.0402468
-0.0402466
-0.0402464
-0.0402463
-0.0402461
-0.0402459
-0.0402457
-0.0402455
-0.0402453
-0.0402452
-0.040245
-0.0402448
-0.0402446
-0.0402444
-0.0402442
-0.0402441
-0.0402439
-0.0402437
-0.0402435
-0.0402433
-0.0402431
-0.040243
-0.0402428
-0.0402426
-0.0402424
-0.0402422
-0.0402421
-0.0402419
-0.0402417
-0.0402415
-0.0402413
-0.0402412
-0.040241
-0.0402408
-0.0402406
-0.0402404
-0.0402403
-0.0402401
-0.0402399
-0.0402397
-0.0402396
-0.0402394
-0.0402392
-0.040239
-0.0402389
-0.0402387
-0.0402385
-0.0402383
-0.0402382
-0.040238
-0.0402378
-0.0402376
-0.0402375
-0.0402373
-0.0402371
-0.0402369
-0.0402368
-0.0402366
-0.0402364
-0.0402362
-0.0402361
-0.0402359
-0.0402357
-0.0402355
-0.0402354
-0.0402352
-0.040235
-0.0402349
-0.0402347
-0.0402345
-0.0402344
-0.0402342
-0.040234
-0.0402338
-0.0402337
-0.0402335
-0.0402333
-0.0402332
-0.040233
-0.0402328
-0.0402327
-0.0402325
-0.0402323
-0.0402322
-0.040232
-0.0402318
-0.0402317
-0.0402315
-0.0402313
-0.0402312
-0.040231
-0.0402308
-0.0402307
-0.0402305
-0.0402303
-0.0402302
-0.04023
-0.0402298
-0.0402297
-0.0402295
-0.0402293
-0.0402292
-0.040229
-0.0402288
-0.0402287
-0.0402285
-0.0402284
-0.0402282
-0.040228
-0.0402279
-0.0402277
-0.0402275
-0.0402274
-0.0402272
-0.0402271
-0.0402269
-0.0402267
-0.0402266
-0.0402264
-0.0402263
-0.0402261
-0.0402259
-0.0402258
-0.0402256
-0.0402255
-0.0402253
-0.0402251
-0.040225
-0.0402248
-0.0402247
-0.0402245
-0.0402243
-0.0402242
-0.040224
-0.0402239
-0.0402237
-0.0402236
-0.0402234
-0.0402232
-0.0402231
-0.0402229
-0.0402228
-0.0402226
-0.0402225
-0.0402223
-0.0402222
-0.040222
-0.0402218
-0.0402217
-0.0402215
-0.0402214
-0.0402212
-0.0402211
-0.0402209
-0.0402208
-0.0402206
-0.0402205
-0.0402203
-0.0402201
-0.04022
-0.0402198
-0.0402197
-0.0402195
-0.0402194
-0.0402192
-0.0402191
-0.0402189
-0.0402188
-0.0402186
-0.0402185
-0.0402183
-0.0402182
-0.040218
-0.0402179
-0.0402177
-0.0402176
-0.0402174
-0.0402173
-0.0402171
-0.040217
-0.0402168
-0.0402167
-0.0402165
-0.0402164
-0.0402162
-0.0402161
-0.0402159
-0.0402158
-0.0402157
-0.0402155
-0.0402154
-0.0402152
-0.0402151
-0.0402149
-0.0402148
-0.0402146
-0.0402145
-0.0402143
-0.0402142
-0.040214
-0.0402139
-0.0402138
-0.0402136
-0.0402135
-0.0402133
-0.0402132
-0.040213
-0.0402129
-0.0402127
-0.0402126
-0.0402125
-0.0402123
-0.0402122
-0.040212
-0.0402119
-0.0402118
-0.0402116
-0.0402115
-0.0402113
-0.0402112
-0.040211
-0.0402109
-0.0402108
-0.0402106
-0.0402105
-0.0402103
-0.0402102
-0.0402101
-0.0402099
-0.0402098
-0.0402096
-0.0402095
-0.0402094
-0.0402092
-0.0402091
-0.0402089
-0.0402088
-0.0402087
-0.0402085
-0.0402084
-0.0402083
-0.0402081
-0.040208
-0.0402078
-0.0402077
-0.0402076
-0.0402074
-0.0402073
-0.0402072
-0.040207
-0.0402069
-0.0402067
-0.0402066
-0.0402065
-0.0402063
-0.0402062
-0.0402061
-0.0402059
-0.0402058
-0.0402057
-0.0402055
-0.0402054
-0.0402053
-0.0402051
-0.040205
-0.0402049
-0.0402047
-0.0402046
-0.0402045
-0.0402043
-0.0402042
-0.0402041
-0.0402039
-0.0402038
-0.0402037
-0.0402035
-0.0402034
-0.0402033
-0.0402031
-0.040203
-0.0402029
-0.0402027
-0.0402026
-0.0402025
-0.0402024
-0.0402022
-0.0402021
-0.040202
-0.0402018
-0.0402017
-0.0402016
-0.0402014
-0.0402013
-0.0402012
-0.0402011
-0.0402009
-0.0402008
-0.0402007
-0.0402005
-0.0402004
-0.0402003
-0.0402002
-0.0402
-0.0401999
-0.0401998
-0.0401996
-0.0401995
-0.0401994
-0.0401993
-0.0401991
-0.040199
-0.0401989
-0.0401988
-0.0401986
-0.0401985
-0.0401984
-0.0401983
-0.0401981
-0.040198
-0.0401979
-0.0401978
-0.0401976
-0.0401975
-0.0401974
-0.0401973
-0.0401971
-0.040197
-0.0401969
-0.0401968
-0.0401966
-0.0401965
-0.0401964
-0.0401963
-0.0401962
-0.040196
-0.0401959
-0.0401958
-0.0401957
-0.0401955
-0.0401954
-0.0401953
-0.0401952
-0.0401951
-0.0401949
-0.0401948
-0.0401947
-0.0401946
-0.0401945
-0.0401943
-0.0401942
-0.0401941
-0.040194
-0.0401939
-0.0401937
-0.0401936
-0.0401935
-0.0401934
-0.0401933
-0.0401931
-0.040193
-0.0401929
-0.0401928
-0.0401927
-0.0401925
-0.0401924
-0.0401923
-0.0401922
-0.0401921
-0.040192
-0.0401918
-0.0401917
-0.0401916
-0.0401915
-0.0401914
-0.0401913
-0.0401911
-0.040191
-0.0401909
-0.0401908
-0.0401907
-0.0401906
-0.0401904
-0.0401903
-0.0401902
-0.0401901
-0.04019
-0.0401899
-0.0401897
-0.0401896
-0.0401895
-0.0401894
-0.0401893
-0.0401892
-0.0401891
-0.0401889
-0.0401888
-0.0401887
-0.0401886
-0.0401885
-0.0401884
-0.0401883
-0.0401882
-0.040188
-0.0401879
-0.0401878
-0.0401877
-0.0401876
-0.0401875
-0.0401874
-0.0401873
-0.0401871
-0.040187
-0.0401869
-0.0401868
-0.0401867
-0.0401866
-0.0401865
-0.0401864
-0.0401863
-0.0401862
-0.040186
-0.0401859
-0.0401858
-0.0401857
-0.0401856
-0.0401855
-0.0401854
-0.0401853
-0.0401852
-0.0401851
-0.0401849
-0.0401848
-0.0401847
-0.0401846
-0.0401845
-0.0401844
-0.0401843
-0.0401842
-0.0401841
-0.040184
-0.0401839
-0.0401838
-0.0401837
-0.0401835
-0.0401834
-0.0401833
-0.0401832
-0.0401831
-0.040183
-0.0401829
-0.0401828
-0.0401827
-0.0401826
-0.0401825
-0.0401824
-0.0401823
-0.0401822
-0.0401821
-0.040182
-0.0401819
-0.0401817
-0.0401816
-0.0401815
-0.0401814
-0.0401813
-0.0401812
-0.0401811
-0.040181
-0.0401809
-0.0401808
-0.0401807
-0.0401806
-0.0401805
-0.0401804
-0.0401803
-0.0401802
-0.0401801
-0.04018
-0.0401799
-0.0401798
-0.0401797
-0.0401796
-0.0401795
-0.0401794
-0.0401793
-0.0401792
-0.0401791
-0.040179
-0.0401789
-0.0401788
-0.0401787
-0.0401786
-0.0401785
-0.0401784
-0.0401783
-0.0401782
-0.0401781
-0.040178
-0.0401779
-0.0401778
-0.0401777
-0.0401776
-0.0401775
-0.0401774
-0.0401773
-0.0401772
-0.0401771
-0.040177
-0.0401769
-0.0401768
-0.0401767
-0.0401766
-0.0401765
-0.0401764
-0.0401763
-0.0401762
-0.0401761
-0.040176
-0.0401759
-0.0401758
-0.0401757
-0.0401756
-0.0401755
-0.0401754
-0.0401753
-0.0401752
-0.0401751
-0.040175
-0.0401749
-0.0401748
-0.0401747
-0.0401746
-0.0401745
-0.0401744
-0.0401744
-0.0401743
-0.0401742
-0.0401741
-0.040174
-0.0401739
-0.0401738
-0.0401737
-0.0401736
-0.0401735
-0.0401734
-0.0401733
-0.0401732
-0.0401731
-0.040173
-0.0401729
-0.0401728
-0.0401727
-0.0401727
-0.0401726
-0.0401725
-0.0401724
-0.0401723
-0.0401722
-0.0401721
-0.040172
-0.0401719
-0.0401718
-0.0401717
-0.0401716
-0.0401715
-0.0401714
-0.0401714
-0.0401713
-0.0401712
-0.0401711
-0.040171
-0.0401709
-0.0401708
-0.0401707
-0.0401706
-0.0401705
-0.0401704
-0.0401704
-0.0401703
-0.0401702
-0.0401701
-0.04017
-0.0401699
-0.0401698
-0.0401697
-0.0401696
-0.0401695
-0.0401695
-0.0401694
-0.0401693
-0.0401692
-0.0401691
-0.040169
-0.0401689
-0.0401688
-0.0401687
-0.0401687
-0.0401686
-0.0401685
-0.0401684
-0.0401683
-0.0401682
-0.0401681
-0.040168
-0.040168
-0.0401679
-0.0401678
-0.0401677
-0.0401676
-0.0401675
-0.0401674
-0.0401673
-0.0401673
-0.0401672
-0.0401671
-0.040167
-0.0401669
-0.0401668
-0.0401667
-0.0401667
-0.0401666
-0.0401665
-0.0401664
-0.0401663
-0.0401662
-0.0401661
-0.0401661
-0.040166
-0.0401659
-0.0401658
-0.0401657
-0.0401656
-0.0401656
-0.0401655
-0.0401654
-0.0401653
-0.0401652
-0.0401651
-0.040165
-0.040165
-0.0401649
-0.0401648
-0.0401647
-0.0401646
-0.0401645
-0.0401645
-0.0401644
-0.0401643
-0.0401642
-0.0401641
-0.040164
-0.040164
-0.0401639
-0.0401638
-0.0401637
-0.0401636
-0.0401636
-0.0401635
-0.0401634
-0.0401633
-0.0401632
-0.0401631
-0.0401631
-0.040163
-0.0401629
-0.0401628
-0.0401627
-0.0401627
-0.0401626
-0.0401625
-0.0401624
-0.0401623
-0.0401623
-0.0401622
-0.0401621
-0.040162
-0.0401619
-0.0401619
-0.0401618
-0.0401617
-0.0401616
-0.0401615
-0.0401615
-0.0401614
-0.0401613
-0.0401612
-0.0401611
-0.0401611
-0.040161
-0.0401609
-0.0401608
-0.0401607
-0.0401607
-0.0401606
-0.0401605
-0.0401604
-0.0401604
-0.0401603
-0.0401602
-0.0401601
-0.04016
-0.04016
-0.0401599
-0.0401598
-0.0401597
-0.0401597
-0.0401596
-0.0401595
-0.0401594
-0.0401594
-0.0401593
-0.0401592
-0.0401591
-0.040159
-0.040159
-0.0401589
-0.0401588
-0.0401587
-0.0401587
-0.0401586
-0.0401585
-0.0401584
-0.0401584
-0.0401583
-0.0401582
-0.0401581
-0.0401581
-0.040158
-0.0401579
-0.0401578
-0.0401578
-0.0401577
-0.0401576
-0.0401575
-0.0401575
-0.0401574
-0.0401573
-0.0401572
-0.0401572
-0.0401571
-0.040157
-0.0401569
-0.0401569
-0.0401568
-0.0401567
-0.0401567
-0.0401566
-0.0401565
-0.0401564
-0.0401564
-0.0401563
-0.0401562
-0.0401561
-0.0401561
-0.040156
-0.0401559
-0.0401559
-0.0401558
-0.0401557
-0.0401556
-0.0401556
-0.0401555
-0.0401554
-0.0401553
-0.0401553
-0.0401552
-0.0401551
-0.0401551
-0.040155
-0.0401549
-0.0401549
-0.0401548
-0.0401547
-0.0401546
-0.0401546
-0.0401545
-0.0401544
-0.0401544
-0.0401543
-0.0401542
-0.0401541
-0.0401541
-0.040154
-0.0401539
-0.0401539
-0.0401538
-0.0401537
-0.0401537
-0.0401536
-0.0401535
-0.0401534
-0.0401534
-0.0401533
-0.0401532
-0.0401532
-0.0401531
-0.040153
-0.040153
-0.0401529
-0.0401528
-0.0401528
-0.0401527
-0.0401526
-0.0401526
-0.0401525
-0.0401524
-0.0401523
-0.0401523
-0.0401522
-0.0401521
-0.0401521
-0.040152
-0.0401519
-0.0401519
-0.0401518
-0.0401517
-0.0401517
-0.0401516
-0.0401515
-0.0401515
-0.0401514
-0.0401513
-0.0401513
-0.0401512
-0.0401511
-0.0401511
-0.040151
-0.0401509
-0.0401509
-0.0401508
-0.0401507
-0.0401507
-0.0401506
-0.0401505
-0.0401505
-0.0401504
-0.0401503
-0.0401503
-0.0401502
-0.0401502
-0.0401501
-0.04015
-0.04015
-0.0401499
-0.0401498
-0.0401498
-0.0401497
-0.0401496
-0.0401496
-0.0401495
-0.0401494
-0.0401494
-0.0401493
-0.0401492
-0.0401492
-0.0401491
-0.0401491
-0.040149
-0.0401489
-0.0401489
-0.0401488
-0.0401487
-0.0401487
-0.0401486
-0.0401485
-0.0401485
-0.0401484
-0.0401484
-0.0401483
-0.0401482
-0.0401482
-0.0401481
-0.040148
-0.040148
-0.0401479
-0.0401479
-0.0401478
-0.0401477
-0.0401477
-0.0401476
-0.0401475
-0.0401475
-0.0401474
-0.0401474
-0.0401473
-0.0401472
-0.0401472
-0.0401471
-0.0401471
-0.040147
-0.0401469
-0.0401469
-0.0401468
-0.0401468
-0.0401467
-0.0401466
-0.0401466
-0.0401465
-0.0401464
-0.0401464
-0.0401463
-0.0401463
-0.0401462
-0.0401461
-0.0401461
-0.040146
