-0.065
-0.0587618
-0.058641
-0.055587
-0.0554695
-0.0532119
-0.0530968
-0.0512375
-0.0511244
-0.0495143
-0.049403
-0.0479672
-0.0478575
-0.0465527
-0.0464444
-0.0452424
-0.0451354
-0.0440171
-0.0439114
-0.0428628
-0.0427582
-0.0417689
-0.0416655
-0.0407273
-0.040625
-0.0397316
-0.0396303
-0.0387767
-0.0386763
-0.0378581
-0.0377587
-0.0369723
-0.0368738
-0.0361164
-0.0360188
-0.0352878
-0.035191
-0.0344841
-0.0343882
-0.0337036
-0.0336084
-0.0329445
-0.0328501
-0.0322053
-0.0321116
-0.0314847
-0.0313918
-0.0307815
-0.0306893
-0.0300947
-0.0300032
-0.0294233
-0.0293325
-0.0287665
-0.0286764
-0.0281234
-0.028034
-0.0274934
-0.0274046
-0.0268758
-0.0267877
-0.0262701
-0.0261825
-0.0256755
-0.0255886
-0.0250918
-0.0250054
-0.0245183
-0.0244325
-0.0239546
-0.0238694
-0.0234004
-0.0233158
-0.0228552
-0.0227712
-0.0223188
-0.0222352
-0.0217907
-0.0217077
-0.0212707
-0.0211882
-0.0207584
-0.0206765
-0.0202537
-0.0201722
-0.0197562
-0.0196752
-0.0192657
-0.0191852
-0.0187819
-0.0187019
-0.0183047
-0.0182252
-0.0178338
-0.0177548
-0.0173691
-0.0172905
-0.0169103
-0.0168322
-0.0164573
-0.0163796
-0.0160099
-0.0159327
-0.015568
-0.0154912
-0.0151313
-0.0150549
-0.0146998
-0.0146238
-0.0142733
-0.0141977
-0.0138516
-0.0137764
-0.0134346
-0.0133598
-0.0130223
-0.0129478
-0.0126144
-0.0125404
-0.0122109
-0.0121372
-0.0118117
-0.0117383
-0.0114166
-0.0113436
-0.0110255
-0.0109529
-0.0106384
-0.0105661
-0.0102552
-0.0101831
-0.00987563
-0.00980392
-0.00949977
-0.00942837
-0.00912748
-0.00905638
-0.00875868
-0.00868787
-0.00839328
-0.00832276
-0.00803121
-0.00796097
-0.0076724
-0.00760243
-0.00731675
-0.00724705
-0.00696421
-0.00689477
-0.00661471
-0.00654552
-0.00626817
-0.00619922
-0.00592453
-0.00585582
-0.00558373
-0.00551526
-0.00524571
-0.00517745
-0.00491039
-0.00484236
-0.00457774
-0.00450992
-0.00424768
-0.00418007
-0.00392017
-0.00385276
-0.00359514
-0.00352793
-0.00327256
-0.00320554
-0.00295237
-0.00288553
-0.00263451
-0.00256785
-0.00231894
-0.00225246
-0.00200562
-0.00193931
-0.0016945
-0.00162835
-0.00138553
-0.00131954
-0.00107868
-0.00101284
-0.000773897
-0.000708211
-0.000471144
-0.000405602
-0.000170381
-0.000104981
0.000128429
0.000193693
0.000425324
0.000490456
0.00072034
0.000785345
0.00101351
0.00107839
0.00130488
0.00136964
0.00159447
0.00165911
0.00188232
0.00194685
0.00216845
0.00223287
0.00245291
0.00251723
0.00273572
0.00279993
0.00301691
0.00308102
0.0032965
0.00336052
0.00357454
0.00363846
0.00385103
0.00391487
0.00412602
0.00418977
0.00439953
0.00446319
0.00467157
0.00473515
0.00494218
0.00500568
0.00521138
0.00527481
0.0054792
0.00554255
0.00574565
0.00580892
0.00601075
0.00607396
0.00627454
0.00633768
0.00653703
0.0066001
0.00679824
0.00686124
0.00705818
0.00712113
0.00731689
0.00737978
0.00757438
0.00763721
0.00783067
0.00789344
0.00808577
0.00814848
0.0083397
0.00840236
0.00859249
0.00865509
0.00884414
0.00890669
0.00909468
0.00915718
0.00934411
0.00940657
0.00959246
0.00965487
0.00983974
0.0099021
0.010086
0.0101483
0.0103312
0.0103934
0.0105753
0.0106375
0.0108185
0.0108806
0.0110606
0.0111227
0.0113018
0.0113639
0.0115419
0.011604
0.0117812
0.0118432
0.0120194
0.0120814
0.0122568
0.0123187
0.0124932
0.0125551
0.0127287
0.0127905
0.0129633
0.0130251
0.013197
0.0132587
0.0134298
0.0134915
0.0136617
0.0137234
0.0138928
0.0139545
0.014123
0.0141847
0.0143524
0.014414
0.014581
0.0146425
0.0148087
0.0148702
0.0150356
0.0150971
0.0152617
0.0153232
0.015487
0.0155484
0.0157115
0.0157729
0.0159353
0.0159966
0.0161582
0.0162195
0.0163804
0.0164417
0.0166018
0.0166631
0.0168225
0.0168837
0.0170425
0.0171036
0.0172616
0.0173228
0.0174801
0.0175412
0.0176979
0.0177589
0.0179149
0.0179759
0.0181312
0.0181922
0.0183468
0.0184078
0.0185617
0.0186227
0.018776
0.0188369
0.0189895
0.0190503
0.0192023
0.0192632
0.0194145
0.0194753
0.019626
0.0196868
0.0198369
0.0198976
0.0200471
0.0201077
0.0202566
0.0203172
0.0204655
0.0205261
0.0206737
0.0207343
0.0208814
0.0209419
0.0210883
0.0211488
0.0212947
0.0213551
0.0215004
0.0215608
0.0217055
0.0217658
0.02191
0.0219703
0.0221138
0.0221741
0.0223171
0.0223773
0.0225198
0.0225799
0.0227218
0.022782
0.0229233
0.0229834
0.0231242
0.0231842
0.0233245
0.0233845
0.0235242
0.0235841
0.0237233
0.0237832
0.0239219
0.0239817
0.0241199
0.0241797
0.0243173
0.024377
0.0245141
0.0245738
0.0247104
0.0247701
0.0249061
0.0249657
0.0251013
0.0251609
0.0252959
0.0253554
0.02549
0.0255495
0.0256835
0.0257429
0.0258765
0.0259359
0.0260689
0.0261282
0.0262608
0.0263201
0.0264522
0.0265114
0.026643
0.0267022
0.0268333
0.0268925
0.0270231
0.0270822
0.0272124
0.0272714
0.0274011
0.0274601
0.0275893
0.0276482
0.0277771
0.0278359
0.0279642
0.028023
0.0281509
0.0282096
0.0283371
0.0283958
0.0285228
0.0285814
0.0287079
0.0287665
0.0288926
0.0289511
0.0290768
0.0291352
0.0292604
0.0293188
0.0294436
0.0295019
0.0296263
0.0296845
0.0298085
0.0298667
0.0299902
0.0300483
0.0301714
0.0302295
0.0303521
0.0304101
0.0305324
0.0305903
0.0307122
0.0307701
0.0308915
0.0309493
0.0310703
0.031128
0.0312486
0.0313063
0.0314265
0.0314841
0.0316039
0.0316615
0.0317809
0.0318384
0.0319573
0.0320148
0.0321333
0.0321907
0.0323089
0.0323662
0.032484
0.0325412
0.0326586
0.0327158
0.0328328
0.0328899
0.0330065
0.0330635
0.0331797
0.0332367
0.0333526
0.0334094
0.0335249
0.0335817
0.0336968
0.0337536
0.0338683
0.033925
0.0340393
0.0340959
0.0342099
0.0342664
0.03438
0.0344365
0.0345497
0.0346061
0.0347189
0.0347753
0.0348878
0.034944
0.0350561
0.0351123
0.0352241
0.0352802
0.0353916
0.0354476
0.0355587
0.0356146
0.0357253
0.0357812
0.0358915
0.0359473
0.0360573
0.036113
0.0362227
0.0362783
0.0363876
0.0364432
0.0365521
0.0366076
0.0367162
0.0367717
0.0368799
0.0369352
0.0370431
0.0370984
0.037206
0.0372612
0.0373684
0.0374235
0.0375304
0.0375855
0.037692
0.037747
0.0378532
0.0379081
0.0380139
0.0380687
0.0381743
0.038229
0.0383342
0.0383889
0.0384938
0.0385484
0.0386529
0.0387074
0.0388116
0.0388661
0.03897
0.0390243
0.0391279
0.0391821
0.0392854
0.0393396
0.0394425
0.0394966
0.0395992
0.0396533
0.0397555
0.0398095
0.0399115
0.0399653
0.040067
0.0401208
0.0402221
0.0402758
0.0403769
0.0404305
0.0405312
0.0405848
0.0406852
0.0407386
0.0408388
0.0408921
0.0409919
0.0410452
0.0411447
0.0411979
0.0412971
0.0413503
0.0414491
0.0415022
0.0416008
0.0416537
0.041752
0.0418049
0.0419029
0.0419557
0.0420534
0.0421061
0.0422035
0.0422561
0.0423532
0.0424058
0.0425026
0.042555
0.0426516
0.0427039
0.0428002
0.0428524
0.0429484
0.0430006
0.0430962
0.0431484
0.0432437
0.0432958
0.0433908
0.0434428
0.0435376
0.0435894
0.0436839
0.0437357
0.0438299
0.0438816
0.0439756
0.0440272
0.0441208
0.0441723
0.0442657
0.0443172
0.0444103
0.0444616
0.0445544
0.0446057
0.0446982
0.0447494
0.0448417
0.0448928
0.0449848
0.0450358
0.0451275
0.0451784
0.0452699
0.0453207
0.0454119
0.0454626
0.0455535
0.0456042
0.0456948
0.0457454
0.0458358
0.0458862
0.0459763
0.0460267
0.0461166
0.0461669
0.0462565
0.0463067
0.046396
0.0464461
0.0465352
0.0465852
0.046674
0.046724
0.0468125
0.0468624
0.0469506
0.0470004
0.0470884
0.0471381
0.0472259
0.0472755
0.047363
0.0474125
0.0474997
0.0475492
0.0476361
0.0476855
0.0477722
0.0478215
0.0479079
0.0479571
0.0480433
0.0480924
0.0481784
0.0482274
0.0483131
0.048362
0.0484475
0.0484963
0.0485815
0.0486302
0.0487152
0.0487638
0.0488486
0.0488971
0.0489816
0.0490301
0.0491143
0.0491627
0.0492467
0.049295
0.0493787
0.0494269
0.0495104
0.0495585
0.0496418
0.0496898
0.0497728
0.0498208
0.0499035
0.0499514
0.0500339
0.0500817
0.050164
0.0502117
0.0502937
0.0503413
0.0504231
0.0504706
0.0505522
0.0505996
0.050681
0.0507283
0.0508094
0.0508567
0.0509376
0.0509847
0.0510654
0.0511124
0.0511929
0.0512398
0.05132
0.0513669
0.0514469
0.0514937
0.0515734
0.0516201
0.0516996
0.0517462
0.0518255
0.051872
0.0519511
0.0519975
0.0520764
0.0521227
0.0522013
0.0522476
0.052326
0.0523721
0.0524503
0.0524964
0.0525743
0.0526203
0.052698
0.0527439
0.0528214
0.0528672
0.0529445
0.0529902
0.0530673
0.0531129
0.0531898
0.0532353
0.0533119
0.0533574
0.0534338
0.0534792
0.0535554
0.0536007
0.0536766
0.0537218
0.0537976
0.0538427
0.0539182
0.0539633
0.0540386
0.0540835
0.0541586
0.0542035
0.0542784
0.0543231
0.0543978
0.0544425
0.054517
0.0545616
0.0546358
0.0546803
0.0547544
0.0547988
0.0548726
0.054917
0.0549906
0.0550348
0.0551083
0.0551524
0.0552256
0.0552697
0.0553427
0.0553867
0.0554595
0.0555034
0.055576
0.0556198
0.0556922
0.0557359
0.0558081
0.0558518
0.0559238
0.0559673
0.0560391
0.0560826
0.0561542
0.0561975
0.0562689
0.0563122
0.0563834
0.0564266
0.0564976
0.0565407
0.0566115
0.0566545
0.0567251
0.056768
0.0568384
0.0568813
0.0569515
0.0569943
0.0570643
0.0571069
0.0571768
0.0572193
0.057289
0.0573315
0.0574009
0.0574433
0.0575125
0.0575549
0.0576239
0.0576662
0.057735
0.0577772
0.0578458
0.0578879
0.0579563
0.0579983
0.0580666
0.0581085
0.0581766
0.0582184
0.0582863
0.058328
0.0583957
0.0584374
0.0585049
0.0585465
0.0586138
0.0586553
0.0587224
0.0587638
0.0588308
0.0588721
0.0589388
0.0589801
0.0590466
0.0590878
0.0591542
0.0591952
0.0592615
0.0593024
0.0593685
0.0594093
0.0594752
0.059516
0.0595817
0.0596224
0.0596879
0.0597285
0.0597938
0.0598343
0.0598995
0.0599399
0.0600049
0.0600452
0.06011
0.0601503
0.0602149
0.0602551
0.0603195
0.0603596
0.0604239
0.0604639
0.060528
0.0605679
0.0606318
0.0606717
0.0607354
0.0607752
0.0608387
0.0608784
0.0609418
0.0609814
0.0610446
0.0610841
0.0611471
0.0611866
0.0612494
0.0612888
0.0613515
0.0613907
0.0614532
0.0614924
0.0615548
0.0615939
0.061656
0.0616951
0.0617571
0.061796
0.0618578
0.0618967
0.0619583
0.0619971
0.0620586
0.0620973
0.0621586
0.0621973
0.0622584
0.0622969
0.0623579
0.0623964
0.0624572
0.0624956
0.0625562
0.0625945
0.062655
0.0626932
0.0627535
0.0627916
0.0628518
0.0628898
0.0629498
0.0629878
0.0630476
0.0630855
0.0631452
0.063183
0.0632425
0.0632802
0.0633395
0.0633772
0.0634363
0.0634739
0.0635329
0.0635704
0.0636293
0.0636667
0.0637253
0.0637627
0.0638212
0.0638585
0.0639168
0.063954
0.0640122
0.0640493
0.0641073
0.0641443
0.0642022
0.0642392
0.0642969
0.0643338
0.0643913
0.0644281
0.0644855
0.0645222
0.0645795
0.0646161
0.0646732
0.0647097
0.0647667
0.0648031
0.0648599
0.0648963
0.064953
0.0649893
0.0650458
0.065082
0.0651383
0.0651744
0.0652306
0.0652667
0.0653227
0.0653587
0.0654146
0.0654505
0.0655062
0.0655421
0.0655976
0.0656334
0.0656888
0.0657245
0.0657798
0.0658154
0.0658705
0.065906
0.065961
0.0659964
0.0660513
0.0660866
0.0661413
0.0661766
0.0662311
0.0662664
0.0663207
0.0663559
0.0664101
0.0664452
0.0664993
0.0665342
0.0665882
0.0666231
0.0666769
0.0667117
0.0667654
0.0668001
0.0668537
0.0668883
0.0669417
0.0669763
0.0670295
0.067064
0.0671171
0.0671516
0.0672045
0.0672389
0.0672917
0.067326
0.0673786
0.0674128
0.0674654
0.0674995
0.0675519
0.0675859
0.0676382
0.0676722
0.0677243
0.0677582
0.0678101
0.067844
0.0678958
0.0679296
0.0679812
0.0680149
0.0680665
0.0681001
0.0681515
0.068185
0.0682363
0.0682698
0.0683209
0.0683543
0.0684053
0.0684386
0.0684894
0.0685227
0.0685734
0.0686066
0.0686571
0.0686902
0.0687407
0.0687737
0.068824
0.068857
0.0689071
0.06894
0.0689901
0.0690229
0.0690728
0.0691055
0.0691553
0.0691879
0.0692376
0.0692702
0.0693197
0.0693522
0.0694016
0.069434
0.0694832
0.0695156
0.0695647
0.069597
0.069646
0.0696782
0.0697271
0.0697592
0.0698079
0.06984
0.0698886
0.0699206
0.0699691
0.070001
0.0700493
0.0700812
0.0701294
0.0701612
0.0702093
0.070241
0.0702889
0.0703206
0.0703684
0.0704
0.0704477
0.0704792
0.0705267
0.0705582
0.0706056
0.070637
0.0706843
0.0707156
0.0707628
0.070794
0.0708411
0.0708722
0.0709192
0.0709502
0.070997
0.0710281
0.0710747
0.0711057
0.0711523
0.0711831
0.0712296
0.0712604
0.0713067
0.0713374
0.0713836
0.0714143
0.0714603
0.0714909
0.0715369
0.0715674
0.0716132
0.0716437
0.0716894
0.0717198
0.0717654
0.0717957
0.0718412
0.0718714
0.0719167
0.0719469
0.0719922
0.0720223
0.0720674
0.0720974
0.0721424
0.0721724
0.0722172
0.0722471
0.0722919
0.0723217
0.0723664
0.0723961
0.0724406
0.0724703
0.0725147
0.0725444
0.0725886
0.0726182
0.0726624
0.0726919
0.0727359
0.0727653
0.0728093
0.0728386
0.0728824
0.0729117
0.0729554
0.0729847
0.0730282
0.0730574
0.0731009
0.07313
0.0731733
0.0732024
0.0732456
0.0732746
0.0733177
0.0733466
0.0733896
0.0734184
0.0734613
0.0734901
0.0735329
0.0735616
0.0736042
0.0736329
0.0736754
0.073704
0.0737464
0.0737749
0.0738173
0.0738457
0.0738879
0.0739163
0.0739584
0.0739867
0.0740287
0.074057
0.0740988
0.074127
0.0741688
0.0741969
0.0742386
0.0742666
0.0743082
0.0743362
0.0743776
0.0744055
0.0744469
0.0744747
0.074516
0.0745438
0.0745849
0.0746126
0.0746536
0.0746813
0.0747222
0.0747498
0.0747906
0.0748181
0.0748588
0.0748863
0.0749269
0.0749543
0.0749948
0.0750221
0.0750625
0.0750898
0.07513
0.0751573
0.0751974
0.0752246
0.0752646
0.0752917
0.0753317
0.0753587
0.0753986
0.0754255
0.0754653
0.0754922
0.0755318
0.0755587
0.0755982
0.075625
0.0756644
0.0756911
0.0757304
0.0757571
0.0757963
0.0758229
0.075862
0.0758886
0.0759276
0.0759541
0.075993
0.0760194
0.0760582
0.0760846
0.0761233
0.0761496
0.0761882
0.0762144
0.0762529
0.0762791
0.0763175
0.0763436
0.0763819
0.076408
0.0764462
0.0764722
0.0765103
0.0765362
0.0765742
0.0766001
0.076638
0.0766638
0.0767016
0.0767274
0.0767651
0.0767908
0.0768284
0.076854
0.0768915
0.0769171
0.0769545
0.07698
0.0770173
0.0770428
0.07708
0.0771054
0.0771425
0.0771678
0.0772048
0.0772301
0.077267
0.0772923
0.0773291
0.0773543
0.077391
0.0774161
0.0774527
0.0774778
0.0775143
0.0775393
0.0775757
0.0776007
0.077637
0.0776619
0.0776981
0.0777229
0.0777591
0.0777839
0.0778199
0.0778446
0.0778806
0.0779052
0.0779411
0.0779657
0.0780015
0.078026
0.0780617
0.0780861
0.0781217
0.0781461
0.0781816
0.078206
0.0782414
0.0782657
0.078301
0.0783253
0.0783605
0.0783847
0.0784198
0.0784439
0.078479
0.078503
0.078538
0.078562
0.0785969
0.0786208
0.0786556
0.0786795
0.0787142
0.078738
0.0787726
0.0787964
0.0788309
0.0788546
0.078889
0.0789127
0.078947
0.0789706
0.0790049
0.0790284
0.0790626
0.0790861
0.0791201
0.0791436
0.0791776
0.079201
0.0792348
0.0792582
0.079292
0.0793153
0.079349
0.0793722
0.0794058
0.079429
0.0794625
0.0794856
0.0795191
0.0795422
0.0795755
0.0795985
0.0796318
0.0796548
0.0796879
0.0797108
0.0797439
0.0797668
0.0797998
0.0798226
0.0798555
0.0798783
0.0799111
0.0799338
0.0799665
0.0799892
0.0800218
0.0800444
0.080077
0.0800996
0.080132
0.0801545
0.0801869
0.0802094
0.0802417
0.0802641
0.0802963
0.0803186
0.0803508
0.0803731
0.0804051
0.0804274
0.0804594
0.0804815
0.0805134
0.0805355
0.0805674
0.0805894
0.0806212
0.0806432
0.0806748
0.0806968
0.0807284
0.0807503
0.0807818
0.0808036
0.0808351
0.0808569
0.0808882
0.08091
0.0809412
0.0809629
0.0809941
0.0810157
0.0810468
0.0810684
0.0810994
0.081121
0.0811519
0.0811734
0.0812042
0.0812257
0.0812565
0.0812779
0.0813085
0.0813299
0.0813605
0.0813818
0.0814123
0.0814336
0.081464
0.0814852
0.0815156
0.0815367
0.081567
0.0815881
0.0816183
0.0816394
0.0816695
0.0816905
0.0817206
0.0817415
0.0817715
0.0817924
0.0818223
0.0818432
0.081873
0.0818938
0.0819235
0.0819443
0.0819739
0.0819946
0.0820242
0.0820449
0.0820744
0.082095
0.0821244
0.082145
0.0821744
0.0821949
0.0822242
0.0822446
0.0822738
0.0822942
0.0823234
0.0823437
0.0823728
0.0823931
0.0824221
0.0824424
0.0824713
0.0824915
0.0825203
0.0825405
0.0825693
0.0825894
0.0826181
0.0826381
0.0826667
0.0826868
0.0827153
0.0827353
0.0827638
0.0827837
0.0828121
0.082832
0.0828603
0.0828801
0.0829084
0.0829281
0.0829563
0.0829761
0.0830042
0.0830239
0.0830519
0.0830715
0.0830995
0.0831191
0.083147
0.0831665
0.0831943
0.0832138
0.0832416
0.083261
0.0832887
0.0833081
0.0833357
0.0833551
0.0833826
0.0834019
0.0834294
0.0834487
0.0834761
0.0834953
0.0835226
0.0835418
0.083569
0.0835882
0.0836153
0.0836344
0.0836615
0.0836806
0.0837076
0.0837266
0.0837536
0.0837725
0.0837994
0.0838183
0.0838452
0.083864
0.0838908
0.0839096
0.0839363
0.0839551
0.0839817
0.0840004
0.084027
0.0840457
0.0840721
0.0840908
0.0841172
0.0841358
0.0841621
0.0841807
0.084207
0.0842255
0.0842517
0.0842702
0.0842963
0.0843147
0.0843408
0.0843592
0.0843852
0.0844035
0.0844295
0.0844477
0.0844736
0.0844919
0.0845177
0.0845359
0.0845616
0.0845798
0.0846054
0.0846236
0.0846492
0.0846672
0.0846928
0.0847108
0.0847363
0.0847543
0.0847797
0.0847976
0.084823
0.0848409
0.0848662
0.084884
0.0849092
0.084927
0.0849522
0.08497
0.0849951
0.0850128
0.0850378
0.0850555
0.0850805
0.0850981
0.085123
0.0851406
0.0851654
0.085183
0.0852077
0.0852253
0.08525
0.0852674
0.0852921
0.0853095
0.0853341
0.0853515
0.085376
0.0853933
0.0854178
0.0854351
0.0854595
0.0854768
0.0855011
0.0855183
0.0855426
0.0855597
0.085584
0.0856011
0.0856252
0.0856423
0.0856664
0.0856835
0.0857075
0.0857245
0.0857485
0.0857654
0.0857893
0.0858063
0.0858301
0.085847
0.0858708
0.0858876
0.0859113
0.0859281
0.0859518
0.0859686
0.0859922
0.0860089
0.0860324
0.0860491
0.0860726
0.0860892
0.0861126
0.0861292
0.0861526
0.0861692
0.0861925
0.086209
0.0862322
0.0862487
0.0862719
0.0862883
0.0863114
0.0863279
0.0863509
0.0863673
0.0863903
0.0864066
0.0864295
0.0864458
0.0864687
0.086485
0.0865078
0.086524
0.0865468
0.0865629
0.0865856
0.0866018
0.0866244
0.0866405
0.0866631
0.0866792
0.0867017
0.0867177
0.0867402
0.0867562
0.0867786
0.0867945
0.0868169
0.0868328
0.0868551
0.0868709
0.0868932
0.086909
0.0869312
0.086947
0.0869691
0.0869849
0.0870069
0.0870226
0.0870447
0.0870603
0.0870823
0.0870979
0.0871198
0.0871354
0.0871573
0.0871728
0.0871946
0.0872102
0.0872319
0.0872474
0.0872691
0.0872845
0.0873061
0.0873215
0.0873431
0.0873585
0.08738
0.0873953
0.0874168
0.0874321
0.0874535
0.0874688
0.0874901
0.0875053
0.0875266
0.0875418
0.0875631
0.0875782
0.0875994
0.0876145
0.0876357
0.0876507
0.0876718
0.0876869
0.0877079
0.0877229
0.0877439
0.0877588
0.0877798
0.0877947
0.0878155
0.0878304
0.0878513
0.0878661
0.0878869
0.0879017
0.0879224
0.0879372
0.0879579
0.0879726
0.0879932
0.0880079
0.0880285
0.0880432
0.0880636
0.0880783
0.0880987
0.0881133
0.0881337
0.0881483
0.0881687
0.0881832
0.0882035
0.088218
0.0882382
0.0882527
0.0882729
0.0882873
0.0883074
0.0883218
0.0883419
0.0883563
0.0883763
0.0883906
0.0884106
0.0884249
0.0884449
0.0884591
0.088479
0.0884932
0.088513
0.0885272
0.088547
0.0885612
0.0885809
0.088595
0.0886147
0.0886288
0.0886484
0.0886625
0.088682
0.0886961
0.0887156
0.0887296
0.088749
0.088763
0.0887824
0.0887963
0.0888157
0.0888296
0.0888489
0.0888628
0.0888821
0.0888959
0.0889151
0.0889289
0.0889481
0.0889618
0.0889809
0.0889947
0.0890137
0.0890274
0.0890465
0.0890601
0.0890791
0.0890927
0.0891117
0.0891252
0.0891441
0.0891577
0.0891765
0.08919
0.0892088
0.0892223
0.0892411
0.0892545
0.0892732
0.0892866
0.0893053
0.0893187
0.0893373
0.0893506
0.0893692
0.0893825
0.089401
0.0894143
0.0894328
0.089446
0.0894644
0.0894777
0.089496
0.0895092
0.0895275
0.0895407
0.089559
0.0895721
0.0895903
0.0896034
0.0896216
0.0896347
0.0896528
0.0896658
0.0896839
0.0896969
0.089715
0.0897279
0.0897459
0.0897589
0.0897768
0.0897897
0.0898076
0.0898205
0.0898384
0.0898512
0.089869
0.0898818
0.0898996
0.0899124
0.0899301
0.0899429
0.0899605
0.0899733
0.0899909
0.0900036
0.0900212
0.0900338
0.0900514
0.090064
0.0900815
0.0900941
0.0901116
0.0901241
0.0901415
0.0901541
0.0901714
0.0901839
0.0902013
0.0902137
0.090231
0.0902435
0.0902607
0.0902731
0.0902903
0.0903027
0.0903198
0.0903322
0.0903493
0.0903616
0.0903787
0.090391
0.090408
0.0904202
0.0904372
0.0904494
0.0904664
0.0904786
0.0904955
0.0905076
0.0905245
0.0905366
0.0905534
0.0905655
0.0905823
0.0905944
0.0906111
0.0906232
0.0906398
0.0906519
0.0906685
0.0906805
0.0906971
0.090709
0.0907256
0.0907375
0.090754
0.0907659
0.0907824
0.0907943
0.0908107
0.0908226
0.0908389
0.0908508
0.0908671
0.0908789
0.0908952
0.090907
0.0909232
0.0909349
0.0909512
0.0909629
0.090979
0.0909907
0.0910069
0.0910185
0.0910346
0.0910462
0.0910623
0.0910739
0.0910899
0.0911014
0.0911174
0.0911289
0.0911449
0.0911564
0.0911723
0.0911837
0.0911996
0.091211
0.0912269
0.0912383
0.091254
0.0912654
0.0912812
0.0912925
0.0913082
0.0913196
0.0913352
0.0913465
0.0913621
0.0913734
0.091389
0.0914002
0.0914158
0.091427
0.0914425
0.0914537
0.0914691
0.0914803
0.0914957
0.0915069
0.0915223
0.0915334
0.0915487
0.0915598
0.0915751
0.0915862
0.0916014
0.0916125
0.0916277
0.0916387
0.0916539
0.0916648
0.09168
0.0916909
0.0917061
0.091717
0.091732
0.0917429
0.091758
0.0917689
0.0917838
0.0917947
0.0918096
0.0918205
0.0918354
0.0918462
0.0918611
0.0918718
0.0918867
0.0918974
0.0919122
0.0919229
0.0919377
0.0919484
0.0919631
0.0919738
0.0919885
0.0919991
0.0920137
0.0920244
0.092039
0.0920496
0.0920641
0.0920747
0.0920892
0.0920998
0.0921143
0.0921248
0.0921393
0.0921497
0.0921642
0.0921746
0.092189
0.0921994
0.0922138
0.0922242
0.0922385
0.0922489
0.0922632
0.0922736
0.0922878
0.0922981
0.0923124
0.0923227
0.0923368
0.0923471
0.0923613
0.0923715
0.0923856
0.0923958
0.0924099
0.0924201
0.0924341
0.0924443
0.0924583
0.0924685
0.0924824
0.0924926
0.0925065
0.0925166
0.0925305
0.0925406
0.0925544
0.0925645
0.0925783
0.0925883
0.0926021
0.0926121
0.0926259
0.0926359
0.0926496
0.0926595
0.0926732
0.0926832
0.0926968
0.0927067
0.0927203
0.0927302
0.0927438
0.0927536
0.0927672
0.092777
0.0927905
0.0928003
0.0928138
0.0928236
0.0928371
0.0928468
0.0928602
0.09287
0.0928833
0.0928931
0.0929064
0.0929161
0.0929294
0.0929391
0.0929523
0.092962
0.0929752
0.0929848
0.092998
0.0930076
0.0930208
0.0930304
0.0930435
0.0930531
0.0930662
0.0930757
0.0930888
0.0930983
0.0931113
0.0931208
0.0931338
0.0931433
0.0931562
0.0931657
0.0931786
0.093188
0.0932009
0.0932103
0.0932232
0.0932326
0.0932454
0.0932547
0.0932676
0.0932769
0.0932897
0.0932989
0.0933117
0.093321
0.0933337
0.0933429
0.0933556
0.0933648
0.0933775
0.0933867
0.0933993
0.0934085
0.0934211
0.0934302
0.0934428
0.0934519
0.0934645
0.0934736
0.0934861
0.0934951
0.0935076
0.0935167
0.0935291
0.0935381
0.0935505
0.0935596
0.0935719
0.0935809
0.0935933
0.0936022
0.0936146
0.0936235
0.0936358
0.0936447
0.093657
0.0936659
0.0936781
0.093687
0.0936992
0.093708
0.0937202
0.093729
0.0937411
0.09375
0.0937621
0.0937709
0.0937829
0.0937917
0.0938037
0.0938125
0.0938245
0.0938332
0.0938452
0.0938539
0.0938658
0.0938745
0.0938865
0.0938951
0.093907
0.0939156
0.0939275
0.0939361
0.093948
0.0939566
0.0939683
0.0939769
0.0939887
0.0939973
0.094009
0.0940175
0.0940292
0.0940378
0.0940494
0.0940579
0.0940696
0.0940781
0.0940897
0.0940981
0.0941097
0.0941181
0.0941297
0.0941381
0.0941497
0.094158
0.0941695
0.0941779
0.0941894
0.0941977
0.0942092
0.0942175
0.0942289
0.0942372
0.0942486
0.0942569
0.0942683
0.0942765
0.0942879
0.0942961
0.0943074
0.0943156
0.0943269
0.0943351
0.0943464
0.0943546
0.0943658
0.0943739
0.0943851
0.0943933
0.0944044
0.0944126
0.0944237
0.0944318
0.0944429
0.094451
0.0944621
0.0944701
0.0944812
0.0944892
0.0945002
0.0945083
0.0945193
0.0945273
0.0945382
0.0945462
0.0945572
0.0945651
0.094576
0.094584
0.0945949
0.0946028
0.0946136
0.0946216
0.0946324
0.0946403
0.0946511
0.0946589
0.0946697
0.0946776
0.0946883
0.0946961
0.0947069
0.0947147
0.0947254
0.0947332
0.0947438
0.0947516
0.0947622
0.09477
0.0947806
0.0947883
0.0947989
0.0948066
0.0948172
0.0948249
0.0948354
0.0948431
0.0948536
0.0948613
0.0948717
0.0948794
0.0948898
0.0948974
0.0949079
0.0949155
0.0949259
0.0949335
0.0949438
0.0949514
0.0949617
0.0949693
0.0949796
0.0949871
0.0949974
0.0950049
0.0950152
0.0950227
0.0950329
0.0950404
0.0950506
0.0950581
0.0950683
0.0950757
0.0950859
0.0950933
0.0951034
0.0951108
0.0951209
0.0951283
0.0951384
0.0951458
0.0951558
0.0951632
0.0951732
0.0951805
0.0951906
0.0951979
0.0952078
0.0952151
0.0952251
0.0952324
0.0952423
0.0952496
0.0952595
0.0952667
0.0952766
0.0952838
0.0952937
0.0953009
0.0953107
0.0953179
0.0953277
0.0953349
0.0953447
0.0953518
0.0953616
0.0953687
0.0953784
0.0953855
0.0953953
0.0954024
0.095412
0.0954191
0.0954288
0.0954358
0.0954455
0.0954525
0.0954621
0.0954692
0.0954788
0.0954858
0.0954953
0.0955023
0.0955119
0.0955188
0.0955284
0.0955353
0.0955448
0.0955518
0.0955612
0.0955682
0.0955776
0.0955845
0.0955939
0.0956008
0.0956102
0.0956171
0.0956265
0.0956333
0.0956427
0.0956495
0.0956588
0.0956657
0.095675
0.0956818
0.095691
0.0956978
0.0957071
0.0957139
0.0957231
0.0957298
0.0957391
0.0957458
0.095755
0.0957617
0.0957709
0.0957776
0.0957867
0.0957934
0.0958025
0.0958092
0.0958183
0.0958249
0.095834
0.0958407
0.0958497
0.0958563
0.0958654
0.095872
0.095881
0.0958876
0.0958965
0.0959031
0.0959121
0.0959186
0.0959276
0.0959341
0.095943
0.0959495
0.0959584
0.0959649
0.0959738
0.0959803
0.0959892
0.0959956
0.0960045
0.0960109
0.0960197
0.0960262
0.0960349
0.0960414
0.0960501
0.0960565
0.0960653
0.0960717
0.0960804
0.0960868
0.0960955
0.0961018
0.0961105
0.0961168
0.0961255
0.0961318
0.0961405
0.0961468
0.0961554
0.0961617
0.0961703
0.0961766
0.0961851
0.0961914
0.0961999
0.0962062
0.0962147
0.0962209
0.0962294
0.0962357
0.0962441
0.0962503
0.0962588
0.096265
0.0962734
0.0962796
0.096288
0.0962942
0.0963026
0.0963087
0.0963171
0.0963232
0.0963316
0.0963377
0.096346
0.0963521
0.0963604
0.0963665
0.0963748
0.0963809
0.0963892
0.0963952
0.0964035
0.0964095
0.0964177
0.0964237
0.096432
0.096438
0.0964461
0.0964521
0.0964603
0.0964663
0.0964744
0.0964804
0.0964885
0.0964945
0.0965026
0.0965085
0.0965166
0.0965225
0.0965306
0.0965365
0.0965445
0.0965504
0.0965584
0.0965643
0.0965723
0.0965782
0.0965862
0.096592
0.0966
0.0966058
0.0966138
0.0966196
0.0966275
0.0966333
0.0966412
0.096647
0.0966549
0.0966606
0.0966685
0.0966743
0.0966821
0.0966879
0.0966957
0.0967014
0.0967092
0.0967149
0.0967227
0.0967284
0.0967362
0.0967419
0.0967496
0.0967553
0.096763
0.0967687
0.0967764
0.0967821
0.0967897
0.0967954
0.096803
0.0968087
0.0968163
0.0968219
0.0968296
0.0968351
0.0968428
0.0968483
0.0968559
0.0968615
0.0968691
0.0968746
0.0968822
0.0968877
0.0968952
0.0969008
0.0969083
0.0969138
0.0969213
0.0969268
0.0969343
0.0969397
0.0969472
0.0969527
0.0969601
0.0969656
0.096973
0.0969784
0.0969858
0.0969912
0.0969986
0.097004
0.0970114
0.0970168
0.0970242
0.0970295
0.0970369
0.0970423
0.0970496
0.0970549
0.0970622
0.0970676
0.0970748
0.0970802
0.0970874
0.0970927
0.0971
0.0971053
0.0971125
0.0971178
0.097125
0.0971303
0.0971375
0.0971427
0.0971499
0.0971552
0.0971623
0.0971676
0.0971747
0.0971799
0.097187
0.0971922
0.0971993
0.0972045
0.0972116
0.0972168
0.0972239
0.097229
0.0972361
0.0972412
0.0972483
0.0972534
0.0972604
0.0972656
0.0972726
0.0972777
0.0972847
0.0972898
0.0972967
0.0973018
0.0973088
0.0973138
0.0973208
0.0973258
0.0973327
0.0973378
0.0973447
0.0973497
0.0973566
0.0973616
0.0973685
0.0973735
0.0973804
0.0973854
0.0973922
0.0973972
0.097404
0.097409
0.0974157
0.0974207
0.0974275
0.0974324
0.0974392
0.0974441
0.0974509
0.0974558
0.0974625
0.0974674
0.0974741
0.0974791
0.0974857
0.0974906
0.0974973
0.0975022
0.0975088
0.0975137
0.0975203
0.0975252
0.0975318
0.0975367
0.0975433
0.0975481
0.0975547
0.0975595
0.0975661
0.0975709
0.0975775
0.0975822
0.0975888
0.0975936
0.0976001
0.0976049
0.0976114
0.0976161
0.0976226
0.0976274
0.0976338
0.0976386
0.097645
0.0976498
0.0976562
0.0976609
0.0976673
0.097672
0.0976785
0.0976831
0.0976895
0.0976942
0.0977006
0.0977053
0.0977116
0.0977163
0.0977226
0.0977273
0.0977336
0.0977382
0.0977445
0.0977492
0.0977555
0.0977601
0.0977664
0.0977709
0.0977772
0.0977818
0.0977881
0.0977926
0.0977989
0.0978034
0.0978096
0.0978142
0.0978204
0.0978249
0.0978311
0.0978357
0.0978418
0.0978463
0.0978525
0.097857
0.0978632
0.0978676
0.0978738
0.0978783
0.0978844
0.0978888
0.0978949
0.0978994
0.0979055
0.0979099
0.097916
0.0979204
0.0979265
0.0979309
0.097937
0.0979414
0.0979474
0.0979518
0.0979578
0.0979622
0.0979682
0.0979726
0.0979785
0.0979829
0.0979889
0.0979932
0.0979992
0.0980035
0.0980095
0.0980138
0.0980197
0.0980241
0.09803
0.0980343
0.0980402
0.0980445
0.0980503
0.0980546
0.0980605
0.0980648
0.0980706
0.0980749
0.0980807
0.098085
0.0980908
0.0980951
0.0981009
0.0981051
0.0981109
0.0981151
0.0981209
0.0981251
0.0981309
0.0981351
0.0981408
0.098145
0.0981508
0.0981549
0.0981607
0.0981648
0.0981705
0.0981747
0.0981804
0.0981846
0.0981902
0.0981944
0.0982
0.0982042
0.0982098
0.0982139
0.0982196
0.0982237
0.0982293
0.0982334
0.098239
0.0982431
0.0982487
0.0982528
0.0982584
0.0982624
0.098268
0.0982721
0.0982776
0.0982817
0.0982872
0.0982912
0.0982967
0.0983008
0.0983063
0.0983103
0.0983158
0.0983198
0.0983253
0.0983293
0.0983348
0.0983388
0.0983442
0.0983482
0.0983536
0.0983576
0.098363
0.098367
0.0983724
0.0983764
0.0983818
0.0983857
0.0983911
0.098395
0.0984004
0.0984043
0.0984097
0.0984136
0.0984189
0.0984228
0.0984282
0.098432
0.0984374
0.0984413
0.0984466
0.0984504
0.0984557
0.0984596
0.0984649
0.0984687
0.098474
0.0984778
0.0984831
0.0984869
0.0984922
0.098496
0.0985012
0.098505
0.0985102
0.098514
0.0985192
0.098523
0.0985282
0.098532
0.0985372
0.098541
0.0985461
0.0985499
0.098555
0.0985588
0.0985639
0.0985677
0.0985728
0.0985765
0.0985817
0.0985854
0.0985905
0.0985942
0.0985993
0.098603
0.0986081
0.0986118
0.0986168
0.0986205
0.0986256
0.0986293
0.0986343
0.098638
0.098643
0.0986467
0.0986517
0.0986553
0.0986603
0.098664
0.098669
0.0986726
0.0986776
0.0986812
0.0986862
0.0986898
0.0986947
0.0986983
0.0987033
0.0987069
0.0987118
0.0987154
0.0987203
0.0987239
0.0987288
0.0987323
0.0987372
0.0987408
0.0987457
0.0987492
0.0987541
0.0987576
0.0987625
0.098766
0.0987709
0.0987744
0.0987792
0.0987827
0.0987876
0.0987911
0.0987959
0.0987994
0.0988042
0.0988077
0.0988124
0.0988159
0.0988207
0.0988242
0.0988289
0.0988324
0.0988371
0.0988406
0.0988453
0.0988488
0.0988535
0.0988569
0.0988616
0.0988651
0.0988698
0.0988732
0.0988779
0.0988813
0.098886
0.0988894
0.098894
0.0988974
0.0989021
0.0989055
0.0989101
0.0989135
0.0989181
0.0989215
0.0989261
0.0989295
0.0989341
0.0989374
0.098942
0.0989454
0.0989499
0.0989533
0.0989579
0.0989612
0.0989657
0.0989691
0.0989736
0.0989769
0.0989815
0.0989848
0.0989893
0.0989926
0.0989971
0.0990004
0.0990049
0.0990082
0.0990127
0.0990159
0.0990204
0.0990237
0.0990281
0.0990314
0.0990359
0.0990391
0.0990436
0.0990468
0.0990512
0.0990545
0.0990589
0.0990621
0.0990665
0.0990697
0.0990741
0.0990774
0.0990817
0.0990849
0.0990893
0.0990925
0.0990969
0.0991001
0.0991044
0.0991076
0.0991119
0.0991151
0.0991194
0.0991226
0.0991269
0.0991301
0.0991344
0.0991375
0.0991418
0.099145
0.0991493
0.0991524
0.0991567
0.0991598
0.0991641
0.0991672
0.0991715
0.0991746
0.0991788
0.0991819
0.0991861
0.0991892
0.0991935
0.0991965
0.0992008
0.0992038
0.099208
0.0992111
0.0992153
0.0992184
0.0992226
0.0992256
0.0992298
0.0992328
0.099237
0.09924
0.0992442
0.0992472
0.0992514
0.0992544
0.0992585
0.0992615
0.0992657
0.0992687
0.0992728
0.0992758
0.0992799
0.0992829
0.099287
0.0992899
0.099294
0.099297
0.0993011
0.099304
0.0993081
0.0993111
0.0993151
0.0993181
0.0993221
0.0993251
0.0993291
0.099332
0.0993361
0.099339
0.099343
0.0993459
0.0993499
0.0993528
0.0993568
0.0993598
0.0993637
0.0993666
0.0993706
0.0993735
0.0993775
0.0993804
0.0993843
0.0993872
0.0993911
0.099394
0.0993979
0.0994008
0.0994047
0.0994076
0.0994115
0.0994144
0.0994183
0.0994211
0.099425
0.0994278
0.0994317
0.0994345
0.0994384
0.0994412
0.0994451
0.0994479
0.0994518
0.0994546
0.0994584
0.0994612
0.0994651
0.0994679
0.0994717
0.0994745
0.0994783
0.0994811
0.0994849
0.0994877
0.0994915
0.0994942
0.099498
0.0995008
0.0995046
0.0995073
0.0995111
0.0995138
0.0995176
0.0995203
0.0995241
0.0995268
0.0995306
0.0995333
0.099537
0.0995397
0.0995435
0.0995462
0.0995499
0.0995526
0.0995563
0.099559
0.0995627
0.0995654
0.0995691
0.0995718
0.0995754
0.0995781
0.0995818
0.0995845
0.0995881
0.0995908
0.0995944
0.0995971
0.0996007
0.0996034
0.099607
0.0996097
0.0996133
0.0996159
0.0996195
0.0996222
0.0996258
0.0996284
0.099632
0.0996346
0.0996382
0.0996408
0.0996444
0.099647
0.0996506
0.0996532
0.0996567
0.0996593
0.0996629
0.0996654
0.099669
0.0996716
0.0996751
0.0996777
0.0996812
0.0996838
0.0996873
0.0996898
0.0996934
0.0996959
0.0996994
0.0997019
0.0997054
0.099708
0.0997115
0.099714
0.0997175
0.09972
0.0997235
0.099726
0.0997294
0.099732
0.0997354
0.0997379
0.0997413
0.0997438
0.0997473
0.0997498
0.0997532
0.0997557
0.0997591
0.0997616
0.099765
0.0997675
0.0997709
0.0997733
0.0997767
0.0997792
0.0997826
0.099785
0.0997884
0.0997908
0.0997942
0.0997967
0.0998
0.0998024
0.0998058
0.0998082
0.0998116
0.099814
0.0998173
0.0998197
0.0998231
0.0998255
0.0998288
0.0998312
0.0998345
0.0998369
0.0998402
0.0998426
0.0998459
0.0998483
0.0998516
0.099854
0.0998572
0.0998596
0.0998629
0.0998652
0.0998685
0.0998709
0.0998741
0.0998765
0.0998797
0.0998821
0.0998853
0.0998876
0.0998909
0.0998932
0.0998964
0.0998988
0.099902
0.0999043
0.0999075
0.0999098
0.099913
0.0999153
0.0999185
0.0999208
0.099924
0.0999263
0.0999295
0.0999318
0.099935
0.0999373
0.0999404
0.0999427
0.0999458
0.0999481
0.0999513
0.0999535
0.0999567
0.0999589
0.0999621
0.0999643
0.0999674
0.0999697
0.0999728
0.0999751
0.0999782
0.0999804
0.0999835
0.0999858
0.0999888
0.0999911
0.0999942
0.0999964
0.0999995
0.100002
0.100005
0.100007
0.10001
0.100012
0.100015
0.100017
0.100021
0.100023
0.100026
0.100028
0.100031
0.100033
0.100036
0.100038
0.100041
0.100044
0.100047
0.100049
0.100052
0.100054
0.100057
0.100059
0.100062
0.100064
0.100067
0.100069
0.100072
0.100074
0.100077
0.10008
0.100082
0.100085
0.100088
0.10009
0.100093
0.100095
0.100098
0.1001
0.100103
0.100105
0.100108
0.10011
0.100113
0.100115
0.100118
0.10012
0.100123
0.100125
0.100128
0.10013
0.100133
0.100135
0.100138
0.10014
0.100143
0.100145
0.100148
0.10015
0.100152
0.100155
0.100157
0.100159
0.100162
0.100164
0.100167
0.100169
0.100172
0.100174
0.100177
0.100179
0.100182
0.100184
0.100187
0.100189
0.100191
0.100193
0.100196
0.100198
0.100201
0.100203
0.100206
0.100208
0.100211
0.100213
0.100215
0.100217
0.10022
0.100222
0.100225
0.100227
0.10023
0.100232
0.100234
0.100236
0.100239
0.100241
0.100244
0.100246
0.100248
0.10025
0.100253
0.100255
0.100258
0.10026
0.100262
0.100264
0.100267
0.100269
0.100272
0.100273
0.100276
0.100278
0.100281
0.100283
0.100285
0.100287
0.10029
0.100292
0.100294
0.100296
0.100299
0.100301
0.100304
0.100305
0.100308
0.10031
0.100313
0.100314
0.100317
0.100319
0.100322
0.100323
0.100326
0.100328
0.100331
0.100332
0.100335
0.100337
0.100339
0.100341
0.100344
0.100346
0.100348
0.10035
0.100353
0.100355
0.100357
0.100359
0.100362
0.100363
0.100366
0.100368
0.10037
0.100372
0.100375
0.100376
0.100379
0.100381
0.100383
0.100385
0.100388
0.100389
0.100392
0.100394
0.100396
0.100398
0.100401
0.100402
0.100405
0.100407
0.100409
0.100411
0.100413
0.100415
0.100418
0.100419
0.100422
0.100424
0.100426
0.100428
0.10043
0.100432
0.100435
0.100436
0.100439
0.100441
0.100443
0.100445
0.100447
0.100449
0.100451
0.100453
0.100456
0.100457
0.10046
0.100461
0.100464
0.100466
0.100468
0.10047
0.100472
0.100474
0.100476
0.100478
0.10048
0.100482
0.100484
0.100486
0.100488
0.10049
0.100492
0.100494
0.100497
0.100498
0.100501
0.100502
0.100505
0.100506
0.100509
0.10051
0.100513
0.100514
0.100517
0.100518
0.100521
0.100522
0.100525
0.100526
0.100529
0.10053
0.100533
0.100534
0.100537
0.100538
0.10054
0.100542
0.100544
0.100546
0.100548
0.10055
0.100552
0.100554
0.100556
0.100558
0.10056
0.100562
0.100564
0.100566
0.100568
0.100569
0.100572
0.100573
0.100576
0.100577
0.100579
0.100581
0.100583
0.100585
0.100587
0.100589
0.100591
0.100593
0.100595
0.100596
0.100599
0.1006
0.100602
0.100604
0.100606
0.100608
0.10061
0.100611
0.100614
0.100615
0.100617
0.100619
0.100621
0.100623
0.100625
0.100626
0.100629
0.10063
0.100632
0.100634
0.100636
0.100638
0.10064
0.100641
0.100643
0.100645
0.100647
0.100649
0.100651
0.100652
0.100654
0.100656
0.100658
0.10066
0.100662
0.100663
0.100665
0.100667
0.100669
0.10067
0.100673
0.100674
0.100676
0.100678
0.10068
0.100681
0.100683
0.100685
0.100687
0.100688
0.100691
0.100692
0.100694
0.100696
0.100698
0.100699
0.100701
0.100703
0.100705
0.100706
0.100708
0.10071
0.100712
0.100713
0.100715
0.100717
0.100719
0.10072
0.100722
0.100724
0.100726
0.100727
0.100729
0.100731
0.100733
0.100734
0.100736
0.100738
0.10074
0.100741
0.100743
0.100744
0.100746
0.100748
0.10075
0.100751
0.100753
0.100755
0.100757
0.100758
0.10076
0.100762
0.100764
0.100765
0.100767
0.100768
0.10077
0.100772
0.100774
0.100775
0.100777
0.100778
0.10078
0.100782
0.100784
0.100785
0.100787
0.100788
0.10079
0.100792
0.100794
0.100795
0.100797
0.100798
0.1008
0.100802
0.100804
0.100805
0.100807
0.100808
0.10081
0.100811
0.100813
0.100815
0.100817
0.100818
0.10082
0.100821
0.100823
0.100824
0.100826
0.100828
0.10083
0.100831
0.100833
0.100834
0.100836
0.100837
0.100839
0.10084
0.100842
0.100844
0.100846
0.100847
0.100849
0.10085
0.100852
0.100853
0.100855
0.100856
0.100858
0.10086
0.100861
0.100863
0.100864
0.100866
0.100868
0.100869
0.100871
0.100872
0.100874
0.100875
0.100877
0.100878
0.10088
0.100881
0.100883
0.100884
0.100886
0.100887
0.100889
0.100891
0.100892
0.100894
0.100895
0.100897
0.100898
0.1009
0.100901
0.100903
0.100905
0.100906
0.100908
0.100909
0.100911
0.100912
0.100914
0.100915
0.100917
0.100918
0.10092
0.100921
0.100923
0.100924
0.100926
0.100927
0.100929
0.10093
0.100932
0.100933
0.100934
0.100936
0.100937
0.100939
0.10094
0.100942
0.100943
0.100945
0.100946
0.100947
0.100949
0.10095
0.100952
0.100953
0.100955
0.100956
0.100958
0.100959
0.100961
0.100962
0.100964
0.100965
0.100967
0.100968
0.100969
0.100971
0.100972
0.100973
0.100975
0.100976
0.100978
0.100979
0.100981
0.100982
0.100984
0.100985
0.100987
0.100988
0.100989
0.100991
0.100992
0.100993
0.100995
0.100996
0.100998
0.100999
0.101001
0.101002
0.101003
0.101005
0.101006
0.101007
0.101009
0.10101
0.101012
0.101013
0.101014
0.101016
0.101017
0.101018
0.10102
0.101021
0.101023
0.101024
0.101025
0.101027
0.101028
0.101029
0.101031
0.101032
0.101034
0.101035
0.101036
0.101037
0.101039
0.10104
0.101042
0.101043
0.101044
0.101045
0.101047
0.101048
0.10105
0.101051
0.101052
0.101053
0.101055
0.101056
0.101058
0.101059
0.10106
0.101061
0.101063
0.101064
0.101066
0.101067
0.101068
0.101069
0.101071
0.101072
0.101073
0.101075
0.101076
0.101077
0.101079
0.10108
0.101081
0.101082
0.101084
0.101085
0.101086
0.101087
0.101089
0.10109
0.101092
0.101093
0.101094
0.101095
0.101097
0.101098
0.101099
0.1011
0.101102
0.101103
0.101104
0.101105
0.101107
0.101108
0.101109
0.10111
0.101112
0.101113
0.101114
0.101115
0.101117
0.101118
0.101119
0.10112
0.101122
0.101123
0.101124
0.101125
0.101127
0.101128
0.101129
0.10113
0.101132
0.101133
0.101134
0.101135
0.101137
0.101138
0.101139
0.10114
0.101142
0.101143
0.101144
0.101145
0.101146
0.101147
0.101149
0.10115
0.101151
0.101152
0.101154
0.101155
0.101156
0.101157
0.101159
0.10116
0.101161
0.101162
0.101163
0.101164
0.101166
0.101167
0.101168
0.101169
0.10117
0.101171
0.101173
0.101174
0.101175
0.101176
0.101178
0.101178
0.10118
0.101181
0.101182
0.101183
0.101185
0.101185
0.101187
0.101188
0.101189
0.10119
0.101191
0.101192
0.101194
0.101195
0.101196
0.101197
0.101198
0.101199
0.101201
0.101202
0.101203
0.101204
0.101205
0.101206
0.101208
0.101208
0.10121
0.101211
0.101212
0.101213
0.101214
0.101215
0.101217
0.101218
0.101219
0.10122
0.101221
0.101222
0.101223
0.101224
0.101226
0.101226
0.101228
0.101229
0.10123
0.101231
0.101232
0.101233
0.101234
0.101235
0.101237
0.101238
0.101239
0.10124
0.101241
0.101242
0.101243
0.101244
0.101245
0.101246
0.101248
0.101248
0.10125
0.101251
0.101252
0.101253
0.101254
0.101255
0.101256
0.101257
0.101258
0.101259
0.101261
0.101261
0.101263
0.101264
0.101265
0.101266
0.101267
0.101268
0.101269
0.10127
0.101271
0.101272
0.101273
0.101274
0.101275
0.101276
0.101277
0.101278
0.10128
0.10128
0.101282
0.101283
0.101284
0.101285
0.101286
0.101287
0.101288
0.101289
0.10129
0.101291
0.101292
0.101293
0.101294
0.101295
0.101296
0.101297
0.101298
0.101299
0.1013
0.101301
0.101302
0.101303
0.101304
0.101305
0.101306
0.101307
0.101308
0.101309
0.10131
0.101311
0.101312
0.101313
0.101314
0.101315
0.101316
0.101317
0.101318
0.101319
0.10132
0.101321
0.101322
0.101323
0.101324
0.101325
0.101326
0.101327
0.101328
0.101329
0.10133
0.101331
0.101332
0.101333
0.101334
0.101335
0.101336
0.101337
0.101338
0.101339
0.10134
0.101341
0.101342
0.101343
0.101344
0.101345
0.101346
0.101347
0.101348
0.101349
0.10135
0.101351
0.101352
0.101352
0.101354
0.101354
0.101356
0.101356
0.101357
0.101358
0.101359
0.10136
0.101361
0.101362
0.101363
0.101364
0.101365
0.101366
0.101367
0.101368
0.101369
0.101369
0.101371
0.101371
0.101372
0.101373
0.101374
0.101375
0.101376
0.101377
0.101378
0.101379
0.10138
0.101381
0.101382
0.101382
0.101384
0.101384
0.101385
0.101386
0.101387
0.101388
0.101389
0.10139
0.101391
0.101392
0.101393
0.101393
0.101394
0.101395
0.101396
0.101397
0.101398
0.101399
0.1014
0.101401
0.101402
0.101402
0.101403
0.101404
0.101405
0.101406
0.101407
0.101408
0.101409
0.10141
0.101411
0.101411
0.101412
0.101413
0.101414
0.101415
0.101416
0.101417
0.101418
0.101418
0.101419
0.10142
0.101421
0.101422
0.101423
0.101424
0.101425
0.101425
0.101426
0.101427
0.101428
0.101429
0.10143
0.10143
0.101431
0.101432
0.101433
0.101434
0.101435
0.101436
0.101437
0.101437
0.101438
0.101439
0.10144
0.101441
0.101442
0.101442
0.101443
0.101444
0.101445
0.101446
0.101447
0.101447
0.101448
0.101449
0.10145
0.101451
0.101452
0.101452
0.101453
0.101454
0.101455
0.101456
0.101457
0.101457
0.101458
0.101459
0.10146
0.101461
0.101462
0.101462
0.101463
0.101464
0.101465
0.101466
0.101467
0.101467
0.101468
0.101469
0.10147
0.10147
0.101471
0.101472
0.101473
0.101474
0.101475
0.101475
0.101476
0.101477
0.101478
0.101478
0.101479
0.10148
0.101481
0.101482
0.101483
0.101483
0.101484
0.101485
0.101486
0.101486
0.101487
0.101488
0.101489
0.10149
0.10149
0.101491
0.101492
0.101493
0.101494
0.101494
0.101495
0.101496
0.101497
0.101497
0.101498
0.101499
0.1015
0.1015
0.101501
0.101502
0.101503
0.101504
0.101504
0.101505
0.101506
0.101507
0.101507
0.101508
0.101509
0.10151
0.101511
0.101511
0.101512
0.101513
0.101514
0.101514
0.101515
0.101516
0.101517
0.101517
0.101518
0.101519
0.10152
0.10152
0.101521
0.101522
0.101523
0.101523
0.101524
0.101525
0.101525
0.101526
0.101527
0.101528
0.101528
0.101529
0.10153
0.101531
0.101531
0.101532
0.101533
0.101533
0.101534
0.101535
0.101536
0.101536
0.101537
0.101538
0.101539
0.101539
0.10154
0.101541
0.101542
0.101542
0.101543
0.101544
0.101544
0.101545
0.101546
0.101546
0.101547
0.101548
0.101549
0.101549
0.10155
0.101551
0.101552
0.101552
0.101553
0.101554
0.101554
0.101555
0.101556
0.101556
0.101557
0.101558
0.101559
0.101559
0.10156
0.101561
0.101561
0.101562
0.101563
0.101563
0.101564
0.101565
0.101566
0.101566
0.101567
0.101567
0.101568
0.101569
0.10157
0.10157
0.101571
0.101572
0.101572
0.101573
0.101574
0.101574
0.101575
0.101576
0.101576
0.101577
0.101578
0.101578
0.101579
0.10158
0.10158
0.101581
0.101582
0.101582
0.101583
0.101584
0.101584
0.101585
0.101586
0.101586
0.101587
0.101588
0.101588
0.101589
0.10159
0.10159
0.101591
0.101592
0.101592
0.101593
0.101594
0.101594
0.101595
0.101596
0.101596
0.101597
0.101598
0.101598
0.101599
0.101599
0.1016
0.101601
0.101602
0.101602
0.101603
0.101603
0.101604
0.101605
0.101605
0.101606
0.101607
0.101607
0.101608
0.101608
0.101609
0.10161
0.10161
0.101611
0.101612
0.101612
0.101613
0.101614
0.101614
0.101615
0.101616
0.101616
0.101617
0.101617
0.101618
0.101619
0.101619
0.10162
0.10162
0.101621
0.101622
0.101622
0.101623
0.101623
0.101624
0.101625
0.101625
0.101626
0.101627
0.101627
0.101628
0.101628
0.101629
0.10163
0.10163
0.101631
0.101632
0.101632
0.101633
0.101633
0.101634
0.101634
0.101635
0.101636
0.101636
0.101637
0.101638
0.101638
0.101639
0.101639
0.10164
0.10164
0.101641
0.101642
0.101642
0.101643
0.101644
0.101644
0.101645
0.101645
0.101646
0.101646
0.101647
0.101648
0.101648
0.101649
0.101649
0.10165
0.101651
0.101651
0.101652
0.101652
0.101653
0.101653
0.101654
0.101655
0.101655
0.101656
0.101656
0.101657
0.101658
0.101658
0.101659
0.101659
0.10166
0.10166
0.101661
0.101661
0.101662
0.101663
0.101663
0.101664
0.101664
0.101665
0.101666
0.101666
0.101667
0.101667
0.101668
0.101668
0.101669
0.101669
0.10167
0.10167
0.101671
0.101672
0.101672
0.101673
0.101673
0.101674
0.101674
0.101675
0.101676
0.101676
0.101677
0.101677
0.101678
0.101678
0.101679
0.101679
0.10168
0.10168
0.101681
0.101682
0.101682
0.101683
0.101683
0.101684
0.101684
0.101685
0.101685
0.101686
0.101686
0.101687
0.101688
0.101688
0.101689
0.101689
0.10169
0.10169
0.101691
0.101691
0.101692
0.101692
0.101693
0.101693
0.101694
0.101694
0.101695
0.101695
0.101696
0.101696
0.101697
0.101698
0.101698
0.101699
0.101699
0.1017
0.1017
0.101701
0.101701
0.101702
0.101702
0.101703
0.101703
0.101704
0.101704
0.101705
0.101705
0.101706
0.101706
0.101707
0.101707
0.101708
0.101709
0.101709
0.10171
0.10171
0.101711
0.101711
0.101712
0.101712
0.101713
0.101713
0.101714
0.101714
0.101715
0.101715
0.101716
0.101716
0.101717
0.101717
0.101718
0.101718
0.101719
0.101719
0.10172
0.10172
0.101721
0.101721
0.101722
0.101722
0.101723
0.101723
0.101724
0.101724
0.101725
0.101725
0.101726
0.101726
0.101726
0.101727
0.101727
0.101728
0.101728
0.101729
0.101729
0.10173
0.10173
0.101731
0.101731
0.101732
0.101732
0.101733
0.101733
0.101734
0.101734
0.101735
0.101735
0.101736
0.101736
0.101737
0.101737
0.101737
0.101738
0.101738
0.101739
0.101739
0.10174
0.10174
0.101741
0.101741
0.101742
0.101742
0.101743
0.101743
0.101744
0.101744
0.101745
0.101745
0.101746
0.101746
0.101746
0.101747
0.101747
0.101748
0.101748
0.101749
0.101749
0.10175
0.10175
0.101751
0.101751
0.101751
0.101752
0.101752
0.101753
0.101753
0.101754
0.101754
0.101755
0.101755
0.101756
0.101756
0.101757
0.101757
0.101757
0.101758
0.101758
0.101759
0.101759
0.10176
0.10176
0.10176
0.101761
0.101761
0.101762
0.101762
0.101763
0.101763
0.101764
0.101764
0.101765
0.101765
0.101765
0.101766
0.101766
0.101767
0.101767
0.101768
0.101768
0.101768
0.101769
0.101769
0.10177
0.10177
0.101771
0.101771
0.101772
0.101772
0.101772
0.101773
0.101773
0.101774
0.101774
0.101774
0.101775
0.101775
0.101776
0.101776
0.101777
0.101777
0.101778
0.101778
0.101778
0.101779
0.101779
0.10178
0.10178
0.10178
0.101781
0.101781
0.101782
0.101782
0.101783
0.101783
0.101783
0.101784
0.101784
0.101785
0.101785
0.101785
0.101786
0.101786
0.101787
0.101787
0.101788
0.101788
0.101788
0.101789
0.101789
0.10179
0.10179
0.10179
0.101791
0.101791
0.101792
0.101792
0.101792
0.101793
0.101793
0.101794
0.101794
0.101794
0.101795
0.101795
0.101796
0.101796
0.101797
0.101797
0.101797
0.101798
0.101798
0.101798
0.101799
0.101799
0.1018
0.1018
0.101801
0.101801
0.101801
0.101802
0.101802
0.101802
0.101803
0.101803
0.101804
0.101804
0.101804
0.101805
0.101805
0.101806
0.101806
0.101806
0.101807
0.101807
0.101808
0.101808
0.101808
0.101809
0.101809
0.101809
0.10181
0.10181
0.101811
0.101811
0.101811
0.101812
0.101812
0.101812
0.101813
0.101813
0.101814
0.101814
0.101814
0.101815
0.101815
0.101816
0.101816
0.101816
0.101817
0.101817
0.101817
0.101818
0.101818
0.101819
0.101819
0.101819
0.10182
0.10182
0.10182
0.101821
0.101821
0.101821
0.101822
0.101822
0.101823
0.101823
0.101823
0.101824
0.101824
0.101824
0.101825
0.101825
0.101826
0.101826
0.101826
0.101827
0.101827
0.101827
0.101828
0.101828
0.101829
0.101829
0.101829
0.10183
0.10183
0.10183
0.101831
0.101831
0.101831
0.101832
0.101832
0.101832
0.101833
0.101833
0.101834
0.101834
0.101834
0.101835
0.101835
0.101835
0.101836
0.101836
0.101836
0.101837
0.101837
0.101837
0.101838
0.101838
0.101838
0.101839
0.101839
0.101839
0.10184
0.10184
0.101841
0.101841
0.101841
0.101841
0.101842
0.101842
0.101843
0.101843
0.101843
0.101844
0.101844
0.101844
0.101845
0.101845
0.101845
0.101846
0.101846
0.101846
0.101847
0.101847
0.101847
0.101848
0.101848
0.101848
0.101849
0.101849
0.101849
0.10185
0.10185
0.10185
0.101851
0.101851
0.101851
0.101852
0.101852
0.101852
0.101853
0.101853
0.101853
0.101854
0.101854
0.101854
0.101855
0.101855
0.101855
0.101856
0.101856
0.101856
0.101857
0.101857
0.101857
0.101858
0.101858
0.101858
0.101859
0.101859
0.101859
0.101859
0.10186
0.10186
0.101861
0.101861
0.101861
0.101861
0.101862
0.101862
0.101862
0.101863
0.101863
0.101863
0.101864
0.101864
0.101864
0.101865
0.101865
0.101865
0.101866
0.101866
0.101866
0.101866
0.101867
0.101867
0.101867
0.101868
0.101868
0.101868
0.101869
0.101869
0.101869
0.10187
0.10187
0.10187
0.101871
0.101871
0.101871
0.101871
-0.0587618
-0.058641
-0.055587
-0.0554695
-0.0532119
-0.0530968
-0.0512375
-0.0511244
-0.0495143
-0.049403
-0.0479672
-0.0478575
-0.0465527
-0.0464444
-0.0452424
-0.0451354
-0.0440171
-0.0439114
-0.0428628
-0.0427582
-0.0417689
-0.0416655
-0.0407273
-0.040625
-0.0397316
-0.0396303
-0.0387767
-0.0386763
-0.0378581
-0.0377587
-0.0369723
-0.0368738
-0.0361164
-0.0360188
-0.0352878
-0.035191
-0.0344841
-0.0343882
-0.0337036
-0.0336084
-0.0329445
-0.0328501
-0.0322053
-0.0321116
-0.0314847
-0.0313918
-0.0307815
-0.0306893
-0.0300947
-0.0300032
-0.0294233
-0.0293325
-0.0287665
-0.0286764
-0.0281234
-0.028034
-0.0274934
-0.0274046
-0.0268758
-0.0267877
-0.0262701
-0.0261825
-0.0256755
-0.0255886
-0.0250918
-0.0250054
-0.0245183
-0.0244325
-0.0239546
-0.0238694
-0.0234004
-0.0233158
-0.0228552
-0.0227712
-0.0223188
-0.0222352
-0.0217907
-0.0217077
-0.0212707
-0.0211882
-0.0207584
-0.0206765
-0.0202537
-0.0201722
-0.0197562
-0.0196752
-0.0192657
-0.0191852
-0.0187819
-0.0187019
-0.0183047
-0.0182252
-0.0178338
-0.0177548
-0.0173691
-0.0172905
-0.0169103
-0.0168322
-0.0164573
-0.0163796
-0.0160099
-0.0159327
-0.015568
-0.0154912
-0.0151313
-0.0150549
-0.0146998
-0.0146238
-0.0142733
-0.0141977
-0.0138516
-0.0137764
-0.0134346
-0.0133598
-0.0130223
-0.0129478
-0.0126144
-0.0125404
-0.0122109
-0.0121372
-0.0118117
-0.0117383
-0.0114166
-0.0113436
-0.0110255
-0.0109529
-0.0106384
-0.0105661
-0.0102552
-0.0101831
-0.00987563
-0.00980392
-0.00949977
-0.00942837
-0.00912748
-0.00905638
-0.00875868
-0.00868787
-0.00839328
-0.00832276
-0.00803121
-0.00796097
-0.0076724
-0.00760243
-0.00731675
-0.00724705
-0.00696421
-0.00689477
-0.00661471
-0.00654552
-0.00626817
-0.00619922
-0.00592453
-0.00585582
-0.00558373
-0.00551526
-0.00524571
-0.00517745
-0.00491039
-0.00484236
-0.00457774
-0.00450992
-0.00424768
-0.00418007
-0.00392017
-0.00385276
-0.00359514
-0.00352793
-0.00327256
-0.00320554
-0.00295237
-0.00288553
-0.00263451
-0.00256785
-0.00231894
-0.00225246
-0.00200562
-0.00193931
-0.0016945
-0.00162835
-0.00138553
-0.00131954
-0.00107868
-0.00101284
-0.000773897
-0.000708211
-0.000471144
-0.000405602
-0.000170381
-0.000104981
0.000128429
0.000193693
0.000425324
0.000490456
0.00072034
0.000785345
0.00101351
0.00107839
0.00130488
0.00136964
0.00159447
0.00165911
0.00188232
0.00194685
0.00216845
0.00223287
0.00245291
0.00251723
0.00273572
0.00279993
0.00301691
0.00308102
0.0032965
0.00336052
0.00357454
0.00363846
0.00385103
0.00391487
0.00412602
0.00418977
0.00439953
0.00446319
0.00467157
0.00473515
0.00494218
0.00500568
0.00521138
0.00527481
0.0054792
0.00554255
0.00574565
0.00580892
0.00601075
0.00607396
0.00627454
0.00633768
0.00653703
0.0066001
0.00679824
0.00686124
0.00705818
0.00712113
0.00731689
0.00737978
0.00757438
0.00763721
0.00783067
0.00789344
0.00808577
0.00814848
0.0083397
0.00840236
0.00859249
0.00865509
0.00884414
0.00890669
0.00909468
0.00915718
0.00934411
0.00940657
0.00959246
0.00965487
0.00983974
0.0099021
0.010086
0.0101483
0.0103312
0.0103934
0.0105753
0.0106375
0.0108185
0.0108806
0.0110606
0.0111227
0.0113018
0.0113639
0.0115419
0.011604
0.0117812
0.0118432
0.0120194
0.0120814
0.0122568
0.0123187
0.0124932
0.0125551
0.0127287
0.0127905
0.0129633
0.0130251
0.013197
0.0132587
0.0134298
0.0134915
0.0136617
0.0137234
0.0138928
0.0139545
0.014123
0.0141847
0.0143524
0.014414
0.014581
0.0146425
0.0148087
0.0148702
0.0150356
0.0150971
0.0152617
0.0153232
0.015487
0.0155484
0.0157115
0.0157729
0.0159353
0.0159966
0.0161582
0.0162195
0.0163804
0.0164417
0.0166018
0.0166631
0.0168225
0.0168837
0.0170425
0.0171036
0.0172616
0.0173228
0.0174801
0.0175412
0.0176979
0.0177589
0.0179149
0.0179759
0.0181312
0.0181922
0.0183468
0.0184078
0.0185617
0.0186227
0.018776
0.0188369
0.0189895
0.0190503
0.0192023
0.0192632
0.0194145
0.0194753
0.019626
0.0196868
0.0198369
0.0198976
0.0200471
0.0201077
0.0202566
0.0203172
0.0204655
0.0205261
0.0206737
0.0207343
0.0208814
0.0209419
0.0210883
0.0211488
0.0212947
0.0213551
0.0215004
0.0215608
0.0217055
0.0217658
0.02191
0.0219703
0.0221138
0.0221741
0.0223171
0.0223773
0.0225198
0.0225799
0.0227218
0.022782
0.0229233
0.0229834
0.0231242
0.0231842
0.0233245
0.0233845
0.0235242
0.0235841
0.0237233
0.0237832
0.0239219
0.0239817
0.0241199
0.0241797
0.0243173
0.024377
0.0245141
0.0245738
0.0247104
0.0247701
0.0249061
0.0249657
0.0251013
0.0251609
0.0252959
0.0253554
0.02549
0.0255495
0.0256835
0.0257429
0.0258765
0.0259359
0.0260689
0.0261282
0.0262608
0.0263201
0.0264522
0.0265114
0.026643
0.0267022
0.0268333
0.0268925
0.0270231
0.0270822
0.0272124
0.0272714
0.0274011
0.0274601
0.0275893
0.0276482
0.0277771
0.0278359
0.0279642
0.028023
0.0281509
0.0282096
0.0283371
0.0283958
0.0285228
0.0285814
0.0287079
0.0287665
0.0288926
0.0289511
0.0290768
0.0291352
0.0292604
0.0293188
0.0294436
0.0295019
0.0296263
0.0296845
0.0298085
0.0298667
0.0299902
0.0300483
0.0301714
0.0302295
0.0303521
0.0304101
0.0305324
0.0305903
0.0307122
0.0307701
0.0308915
0.0309493
0.0310703
0.031128
0.0312486
0.0313063
0.0314265
0.0314841
0.0316039
0.0316615
0.0317809
0.0318384
0.0319573
0.0320148
0.0321333
0.0321907
0.0323089
0.0323662
0.032484
0.0325412
0.0326586
0.0327158
0.0328328
0.0328899
0.0330065
0.0330635
0.0331797
0.0332367
0.0333526
0.0334094
0.0335249
0.0335817
0.0336968
0.0337536
0.0338683
0.033925
0.0340393
0.0340959
0.0342099
0.0342664
0.03438
0.0344365
0.0345497
0.0346061
0.0347189
0.0347753
0.0348878
0.034944
0.0350561
0.0351123
0.0352241
0.0352802
0.0353916
0.0354476
0.0355587
0.0356146
0.0357253
0.0357812
0.0358915
0.0359473
0.0360573
0.036113
0.0362227
0.0362783
0.0363876
0.0364432
0.0365521
0.0366076
0.0367162
0.0367717
0.0368799
0.0369352
0.0370431
0.0370984
0.037206
0.0372612
0.0373684
0.0374235
0.0375304
0.0375855
0.037692
0.037747
0.0378532
0.0379081
0.0380139
0.0380687
0.0381743
0.038229
0.0383342
0.0383889
0.0384938
0.0385484
0.0386529
0.0387074
0.0388116
0.0388661
0.03897
0.0390243
0.0391279
0.0391821
0.0392854
0.0393396
0.0394425
0.0394966
0.0395992
0.0396533
0.0397555
0.0398095
0.0399115
0.0399653
0.040067
0.0401208
0.0402221
0.0402758
0.0403769
0.0404305
0.0405312
0.0405848
0.0406852
0.0407386
0.0408388
0.0408921
0.0409919
0.0410452
0.0411447
0.0411979
0.0412971
0.0413503
0.0414491
0.0415022
0.0416008
0.0416537
0.041752
0.0418049
0.0419029
0.0419557
0.0420534
0.0421061
0.0422035
0.0422561
0.0423532
0.0424058
0.0425026
0.042555
0.0426516
0.0427039
0.0428002
0.0428524
0.0429484
0.0430006
0.0430962
0.0431484
0.0432437
0.0432958
0.0433908
0.0434428
0.0435376
0.0435894
0.0436839
0.0437357
0.0438299
0.0438816
0.0439756
0.0440272
0.0441208
0.0441723
0.0442657
0.0443172
0.0444103
0.0444616
0.0445544
0.0446057
0.0446982
0.0447494
0.0448417
0.0448928
0.0449848
0.0450358
0.0451275
0.0451784
0.0452699
0.0453207
0.0454119
0.0454626
0.0455535
0.0456042
0.0456948
0.0457454
0.0458358
0.0458862
0.0459763
0.0460267
0.0461166
0.0461669
0.0462565
0.0463067
0.046396
0.0464461
0.0465352
0.0465852
0.046674
0.046724
0.0468125
0.0468624
0.0469506
0.0470004
0.0470884
0.0471381
0.0472259
0.0472755
0.047363
0.0474125
0.0474997
0.0475492
0.0476361
0.0476855
0.0477722
0.0478215
0.0479079
0.0479571
0.0480433
0.0480924
0.0481784
0.0482274
0.0483131
0.048362
0.0484475
0.0484963
0.0485815
0.0486302
0.0487152
0.0487638
0.0488486
0.0488971
0.0489816
0.0490301
0.0491143
0.0491627
0.0492467
0.049295
0.0493787
0.0494269
0.0495104
0.0495585
0.0496418
0.0496898
0.0497728
0.0498208
0.0499035
0.0499514
0.0500339
0.0500817
0.050164
0.0502117
0.0502937
0.0503413
0.0504231
0.0504706
0.0505522
0.0505996
0.050681
0.0507283
0.0508094
0.0508567
0.0509376
0.0509847
0.0510654
0.0511124
0.0511929
0.0512398
0.05132
0.0513669
0.0514469
0.0514937
0.0515734
0.0516201
0.0516996
0.0517462
0.0518255
0.051872
0.0519511
0.0519975
0.0520764
0.0521227
0.0522013
0.0522476
0.052326
0.0523721
0.0524503
0.0524964
0.0525743
0.0526203
0.052698
0.0527439
0.0528214
0.0528672
0.0529445
0.0529902
0.0530673
0.0531129
0.0531898
0.0532353
0.0533119
0.0533574
0.0534338
0.0534792
0.0535554
0.0536007
0.0536766
0.0537218
0.0537976
0.0538427
0.0539182
0.0539633
0.0540386
0.0540835
0.0541586
0.0542035
0.0542784
0.0543231
0.0543978
0.0544425
0.054517
0.0545616
0.0546358
0.0546803
0.0547544
0.0547988
0.0548726
0.054917
0.0549906
0.0550348
0.0551083
0.0551524
0.0552256
0.0552697
0.0553427
0.0553867
0.0554595
0.0555034
0.055576
0.0556198
0.0556922
0.0557359
0.0558081
0.0558518
0.0559238
0.0559673
0.0560391
0.0560826
0.0561542
0.0561975
0.0562689
0.0563122
0.0563834
0.0564266
0.0564976
0.0565407
0.0566115
0.0566545
0.0567251
0.056768
0.0568384
0.0568813
0.0569515
0.0569943
0.0570643
0.0571069
0.0571768
0.0572193
0.057289
0.0573315
0.0574009
0.0574433
0.0575125
0.0575549
0.0576239
0.0576662
0.057735
0.0577772
0.0578458
0.0578879
0.0579563
0.0579983
0.0580666
0.0581085
0.0581766
0.0582184
0.0582863
0.058328
0.0583957
0.0584374
0.0585049
0.0585465
0.0586138
0.0586553
0.0587224
0.0587638
0.0588308
0.0588721
0.0589388
0.0589801
0.0590466
0.0590878
0.0591542
0.0591952
0.0592615
0.0593024
0.0593685
0.0594093
0.0594752
0.059516
0.0595817
0.0596224
0.0596879
0.0597285
0.0597938
0.0598343
0.0598995
0.0599399
0.0600049
0.0600452
0.06011
0.0601503
0.0602149
0.0602551
0.0603195
0.0603596
0.0604239
0.0604639
0.060528
0.0605679
0.0606318
0.0606717
0.0607354
0.0607752
0.0608387
0.0608784
0.0609418
0.0609814
0.0610446
0.0610841
0.0611471
0.0611866
0.0612494
0.0612888
0.0613515
0.0613907
0.0614532
0.0614924
0.0615548
0.0615939
0.061656
0.0616951
0.0617571
0.061796
0.0618578
0.0618967
0.0619583
0.0619971
0.0620586
0.0620973
0.0621586
0.0621973
0.0622584
0.0622969
0.0623579
0.0623964
0.0624572
0.0624956
0.0625562
0.0625945
0.062655
0.0626932
0.0627535
0.0627916
0.0628518
0.0628898
0.0629498
0.0629878
0.0630476
0.0630855
0.0631452
0.063183
0.0632425
0.0632802
0.0633395
0.0633772
0.0634363
0.0634739
0.0635329
0.0635704
0.0636293
0.0636667
0.0637253
0.0637627
0.0638212
0.0638585
0.0639168
0.063954
0.0640122
0.0640493
0.0641073
0.0641443
0.0642022
0.0642392
0.0642969
0.0643338
0.0643913
0.0644281
0.0644855
0.0645222
0.0645795
0.0646161
0.0646732
0.0647097
0.0647667
0.0648031
0.0648599
0.0648963
0.064953
0.0649893
0.0650458
0.065082
0.0651383
0.0651744
0.0652306
0.0652667
0.0653227
0.0653587
0.0654146
0.0654505
0.0655062
0.0655421
0.0655976
0.0656334
0.0656888
0.0657245
0.0657798
0.0658154
0.0658705
0.065906
0.065961
0.0659964
0.0660513
0.0660866
0.0661413
0.0661766
0.0662311
0.0662664
0.0663207
0.0663559
0.0664101
0.0664452
0.0664993
0.0665342
0.0665882
0.0666231
0.0666769
0.0667117
0.0667654
0.0668001
0.0668537
0.0668883
0.0669417
0.0669763
0.0670295
0.067064
0.0671171
0.0671516
0.0672045
0.0672389
0.0672917
0.067326
0.0673786
0.0674128
0.0674654
0.0674995
0.0675519
0.0675859
0.0676382
0.0676722
0.0677243
0.0677582
0.0678101
0.067844
0.0678958
0.0679296
0.0679812
0.0680149
0.0680665
0.0681001
0.0681515
0.068185
0.0682363
0.0682698
0.0683209
0.0683543
0.0684053
0.0684386
0.0684894
0.0685227
0.0685734
0.0686066
0.0686571
0.0686902
0.0687407
0.0687737
0.068824
0.068857
0.0689071
0.06894
0.0689901
0.0690229
0.0690728
0.0691055
0.0691553
0.0691879
0.0692376
0.0692702
0.0693197
0.0693522
0.0694016
0.069434
0.0694832
0.0695156
0.0695647
0.069597
0.069646
0.0696782
0.0697271
0.0697592
0.0698079
0.06984
0.0698886
0.0699206
0.0699691
0.070001
0.0700493
0.0700812
0.0701294
0.0701612
0.0702093
0.070241
0.0702889
0.0703206
0.0703684
0.0704
0.0704477
0.0704792
0.0705267
0.0705582
0.0706056
0.070637
0.0706843
0.0707156
0.0707628
0.070794
0.0708411
0.0708722
0.0709192
0.0709502
0.070997
0.0710281
0.0710747
0.0711057
0.0711523
0.0711831
0.0712296
0.0712604
0.0713067
0.0713374
0.0713836
0.0714143
0.0714603
0.0714909
0.0715369
0.0715674
0.0716132
0.0716437
0.0716894
0.0717198
0.0717654
0.0717957
0.0718412
0.0718714
0.0719167
0.0719469
0.0719922
0.0720223
0.0720674
0.0720974
0.0721424
0.0721724
0.0722172
0.0722471
0.0722919
0.0723217
0.0723664
0.0723961
0.0724406
0.0724703
0.0725147
0.0725444
0.0725886
0.0726182
0.0726624
0.0726919
0.0727359
0.0727653
0.0728093
0.0728386
0.0728824
0.0729117
0.0729554
0.0729847
0.0730282
0.0730574
0.0731009
0.07313
0.0731733
0.0732024
0.0732456
0.0732746
0.0733177
0.0733466
0.0733896
0.0734184
0.0734613
0.0734901
0.0735329
0.0735616
0.0736042
0.0736329
0.0736754
0.073704
0.0737464
0.0737749
0.0738173
0.0738457
0.0738879
0.0739163
0.0739584
0.0739867
0.0740287
0.074057
0.0740988
0.074127
0.0741688
0.0741969
0.0742386
0.0742666
0.0743082
0.0743362
0.0743776
0.0744055
0.0744469
0.0744747
0.074516
0.0745438
0.0745849
0.0746126
0.0746536
0.0746813
0.0747222
0.0747498
0.0747906
0.0748181
0.0748588
0.0748863
0.0749269
0.0749543
0.0749948
0.0750221
0.0750625
0.0750898
0.07513
0.0751573
0.0751974
0.0752246
0.0752646
0.0752917
0.0753317
0.0753587
0.0753986
0.0754255
0.0754653
0.0754922
0.0755318
0.0755587
0.0755982
0.075625
0.0756644
0.0756911
0.0757304
0.0757571
0.0757963
0.0758229
0.075862
0.0758886
0.0759276
0.0759541
0.075993
0.0760194
0.0760582
0.0760846
0.0761233
0.0761496
0.0761882
0.0762144
0.0762529
0.0762791
0.0763175
0.0763436
0.0763819
0.076408
0.0764462
0.0764722
0.0765103
0.0765362
0.0765742
0.0766001
0.076638
0.0766638
0.0767016
0.0767274
0.0767651
0.0767908
0.0768284
0.076854
0.0768915
0.0769171
0.0769545
0.07698
0.0770173
0.0770428
0.07708
0.0771054
0.0771425
0.0771678
0.0772048
0.0772301
0.077267
0.0772923
0.0773291
0.0773543
0.077391
0.0774161
0.0774527
0.0774778
0.0775143
0.0775393
0.0775757
0.0776007
0.077637
0.0776619
0.0776981
0.0777229
0.0777591
0.0777839
0.0778199
0.0778446
0.0778806
0.0779052
0.0779411
0.0779657
0.0780015
0.078026
0.0780617
0.0780861
0.0781217
0.0781461
0.0781816
0.078206
0.0782414
0.0782657
0.078301
0.0783253
0.0783605
0.0783847
0.0784198
0.0784439
0.078479
0.078503
0.078538
0.078562
0.0785969
0.0786208
0.0786556
0.0786795
0.0787142
0.078738
0.0787726
0.0787964
0.0788309
0.0788546
0.078889
0.0789127
0.078947
0.0789706
0.0790049
0.0790284
0.0790626
0.0790861
0.0791201
0.0791436
0.0791776
0.079201
0.0792348
0.0792582
0.079292
0.0793153
0.079349
0.0793722
0.0794058
0.079429
0.0794625
0.0794856
0.0795191
0.0795422
0.0795755
0.0795985
0.0796318
0.0796548
0.0796879
0.0797108
0.0797439
0.0797668
0.0797998
0.0798226
0.0798555
0.0798783
0.0799111
0.0799338
0.0799665
0.0799892
0.0800218
0.0800444
0.080077
0.0800996
0.080132
0.0801545
0.0801869
0.0802094
0.0802417
0.0802641
0.0802963
0.0803186
0.0803508
0.0803731
0.0804051
0.0804274
0.0804594
0.0804815
0.0805134
0.0805355
0.0805674
0.0805894
0.0806212
0.0806432
0.0806748
0.0806968
0.0807284
0.0807503
0.0807818
0.0808036
0.0808351
0.0808569
0.0808882
0.08091
0.0809412
0.0809629
0.0809941
0.0810157
0.0810468
0.0810684
0.0810994
0.081121
0.0811519
0.0811734
0.0812042
0.0812257
0.0812565
0.0812779
0.0813085
0.0813299
0.0813605
0.0813818
0.0814123
0.0814336
0.081464
0.0814852
0.0815156
0.0815367
0.081567
0.0815881
0.0816183
0.0816394
0.0816695
0.0816905
0.0817206
0.0817415
0.0817715
0.0817924
0.0818223
0.0818432
0.081873
0.0818938
0.0819235
0.0819443
0.0819739
0.0819946
0.0820242
0.0820449
0.0820744
0.082095
0.0821244
0.082145
0.0821744
0.0821949
0.0822242
0.0822446
0.0822738
0.0822942
0.0823234
0.0823437
0.0823728
0.0823931
0.0824221
0.0824424
0.0824713
0.0824915
0.0825203
0.0825405
0.0825693
0.0825894
0.0826181
0.0826381
0.0826667
0.0826868
0.0827153
0.0827353
0.0827638
0.0827837
0.0828121
0.082832
0.0828603
0.0828801
0.0829084
0.0829281
0.0829563
0.0829761
0.0830042
0.0830239
0.0830519
0.0830715
0.0830995
0.0831191
0.083147
0.0831665
0.0831943
0.0832138
0.0832416
0.083261
0.0832887
0.0833081
0.0833357
0.0833551
0.0833826
0.0834019
0.0834294
0.0834487
0.0834761
0.0834953
0.0835226
0.0835418
0.083569
0.0835882
0.0836153
0.0836344
0.0836615
0.0836806
0.0837076
0.0837266
0.0837536
0.0837725
0.0837994
0.0838183
0.0838452
0.083864
0.0838908
0.0839096
0.0839363
0.0839551
0.0839817
0.0840004
0.084027
0.0840457
0.0840721
0.0840908
0.0841172
0.0841358
0.0841621
0.0841807
0.084207
0.0842255
0.0842517
0.0842702
0.0842963
0.0843147
0.0843408
0.0843592
0.0843852
0.0844035
0.0844295
0.0844477
0.0844736
0.0844919
0.0845177
0.0845359
0.0845616
0.0845798
0.0846054
0.0846236
0.0846492
0.0846672
0.0846928
0.0847108
0.0847363
0.0847543
0.0847797
0.0847976
0.084823
0.0848409
0.0848662
0.084884
0.0849092
0.084927
0.0849522
0.08497
0.0849951
0.0850128
0.0850378
0.0850555
0.0850805
0.0850981
0.085123
0.0851406
0.0851654
0.085183
0.0852077
0.0852253
0.08525
0.0852674
0.0852921
0.0853095
0.0853341
0.0853515
0.085376
0.0853933
0.0854178
0.0854351
0.0854595
0.0854768
0.0855011
0.0855183
0.0855426
0.0855597
0.085584
0.0856011
0.0856252
0.0856423
0.0856664
0.0856835
0.0857075
0.0857245
0.0857485
0.0857654
0.0857893
0.0858063
0.0858301
0.085847
0.0858708
0.0858876
0.0859113
0.0859281
0.0859518
0.0859686
0.0859922
0.0860089
0.0860324
0.0860491
0.0860726
0.0860892
0.0861126
0.0861292
0.0861526
0.0861692
0.0861925
0.086209
0.0862322
0.0862487
0.0862719
0.0862883
0.0863114
0.0863279
0.0863509
0.0863673
0.0863903
0.0864066
0.0864295
0.0864458
0.0864687
0.086485
0.0865078
0.086524
0.0865468
0.0865629
0.0865856
0.0866018
0.0866244
0.0866405
0.0866631
0.0866792
0.0867017
0.0867177
0.0867402
0.0867562
0.0867786
0.0867945
0.0868169
0.0868328
0.0868551
0.0868709
0.0868932
0.086909
0.0869312
0.086947
0.0869691
0.0869849
0.0870069
0.0870226
0.0870447
0.0870603
0.0870823
0.0870979
0.0871198
0.0871354
0.0871573
0.0871728
0.0871946
0.0872102
0.0872319
0.0872474
0.0872691
0.0872845
0.0873061
0.0873215
0.0873431
0.0873585
0.08738
0.0873953
0.0874168
0.0874321
0.0874535
0.0874688
0.0874901
0.0875053
0.0875266
0.0875418
0.0875631
0.0875782
0.0875994
0.0876145
0.0876357
0.0876507
0.0876718
0.0876869
0.0877079
0.0877229
0.0877439
0.0877588
0.0877798
0.0877947
0.0878155
0.0878304
0.0878513
0.0878661
0.0878869
0.0879017
0.0879224
0.0879372
0.0879579
0.0879726
0.0879932
0.0880079
0.0880285
0.0880432
0.0880636
0.0880783
0.0880987
0.0881133
0.0881337
0.0881483
0.0881687
0.0881832
0.0882035
0.088218
0.0882382
0.0882527
0.0882729
0.0882873
0.0883074
0.0883218
0.0883419
0.0883563
0.0883763
0.0883906
0.0884106
0.0884249
0.0884449
0.0884591
0.088479
0.0884932
0.088513
0.0885272
0.088547
0.0885612
0.0885809
0.088595
0.0886147
0.0886288
0.0886484
0.0886625
0.088682
0.0886961
0.0887156
0.0887296
0.088749
0.088763
0.0887824
0.0887963
0.0888157
0.0888296
0.0888489
0.0888628
0.0888821
0.0888959
0.0889151
0.0889289
0.0889481
0.0889618
0.0889809
0.0889947
0.0890137
0.0890274
0.0890465
0.0890601
0.0890791
0.0890927
0.0891117
0.0891252
0.0891441
0.0891577
0.0891765
0.08919
0.0892088
0.0892223
0.0892411
0.0892545
0.0892732
0.0892866
0.0893053
0.0893187
0.0893373
0.0893506
0.0893692
0.0893825
0.089401
0.0894143
0.0894328
0.089446
0.0894644
0.0894777
0.089496
0.0895092
0.0895275
0.0895407
0.089559
0.0895721
0.0895903
0.0896034
0.0896216
0.0896347
0.0896528
0.0896658
0.0896839
0.0896969
0.089715
0.0897279
0.0897459
0.0897589
0.0897768
0.0897897
0.0898076
0.0898205
0.0898384
0.0898512
0.089869
0.0898818
0.0898996
0.0899124
0.0899301
0.0899429
0.0899605
0.0899733
0.0899909
0.0900036
0.0900212
0.0900338
0.0900514
0.090064
0.0900815
0.0900941
0.0901116
0.0901241
0.0901415
0.0901541
0.0901714
0.0901839
0.0902013
0.0902137
0.090231
0.0902435
0.0902607
0.0902731
0.0902903
0.0903027
0.0903198
0.0903322
0.0903493
0.0903616
0.0903787
0.090391
0.090408
0.0904202
0.0904372
0.0904494
0.0904664
0.0904786
0.0904955
0.0905076
0.0905245
0.0905366
0.0905534
0.0905655
0.0905823
0.0905944
0.0906111
0.0906232
0.0906398
0.0906519
0.0906685
0.0906805
0.0906971
0.090709
0.0907256
0.0907375
0.090754
0.0907659
0.0907824
0.0907943
0.0908107
0.0908226
0.0908389
0.0908508
0.0908671
0.0908789
0.0908952
0.090907
0.0909232
0.0909349
0.0909512
0.0909629
0.090979
0.0909907
0.0910069
0.0910185
0.0910346
0.0910462
0.0910623
0.0910739
0.0910899
0.0911014
0.0911174
0.0911289
0.0911449
0.0911564
0.0911723
0.0911837
0.0911996
0.091211
0.0912269
0.0912383
0.091254
0.0912654
0.0912812
0.0912925
0.0913082
0.0913196
0.0913352
0.0913465
0.0913621
0.0913734
0.091389
0.0914002
0.0914158
0.091427
0.0914425
0.0914537
0.0914691
0.0914803
0.0914957
0.0915069
0.0915223
0.0915334
0.0915487
0.0915598
0.0915751
0.0915862
0.0916014
0.0916125
0.0916277
0.0916387
0.0916539
0.0916648
0.09168
0.0916909
0.0917061
0.091717
0.091732
0.0917429
0.091758
0.0917689
0.0917838
0.0917947
0.0918096
0.0918205
0.0918354
0.0918462
0.0918611
0.0918718
0.0918867
0.0918974
0.0919122
0.0919229
0.0919377
0.0919484
0.0919631
0.0919738
0.0919885
0.0919991
0.0920137
0.0920244
0.092039
0.0920496
0.0920641
0.0920747
0.0920892
0.0920998
0.0921143
0.0921248
0.0921393
0.0921497
0.0921642
0.0921746
0.092189
0.0921994
0.0922138
0.0922242
0.0922385
0.0922489
0.0922632
0.0922736
0.0922878
0.0922981
0.0923124
0.0923227
0.0923368
0.0923471
0.0923613
0.0923715
0.0923856
0.0923958
0.0924099
0.0924201
0.0924341
0.0924443
0.0924583
0.0924685
0.0924824
0.0924926
0.0925065
0.0925166
0.0925305
0.0925406
0.0925544
0.0925645
0.0925783
0.0925883
0.0926021
0.0926121
0.0926259
0.0926359
0.0926496
0.0926595
0.0926732
0.0926832
0.0926968
0.0927067
0.0927203
0.0927302
0.0927438
0.0927536
0.0927672
0.092777
0.0927905
0.0928003
0.0928138
0.0928236
0.0928371
0.0928468
0.0928602
0.09287
0.0928833
0.0928931
0.0929064
0.0929161
0.0929294
0.0929391
0.0929523
0.092962
0.0929752
0.0929848
0.092998
0.0930076
0.0930208
0.0930304
0.0930435
0.0930531
0.0930662
0.0930757
0.0930888
0.0930983
0.0931113
0.0931208
0.0931338
0.0931433
0.0931562
0.0931657
0.0931786
0.093188
0.0932009
0.0932103
0.0932232
0.0932326
0.0932454
0.0932547
0.0932676
0.0932769
0.0932897
0.0932989
0.0933117
0.093321
0.0933337
0.0933429
0.0933556
0.0933648
0.0933775
0.0933867
0.0933993
0.0934085
0.0934211
0.0934302
0.0934428
0.0934519
0.0934645
0.0934736
0.0934861
0.0934951
0.0935076
0.0935167
0.0935291
0.0935381
0.0935505
0.0935596
0.0935719
0.0935809
0.0935933
0.0936022
0.0936146
0.0936235
0.0936358
0.0936447
0.093657
0.0936659
0.0936781
0.093687
0.0936992
0.093708
0.0937202
0.093729
0.0937411
0.09375
0.0937621
0.0937709
0.0937829
0.0937917
0.0938037
0.0938125
0.0938245
0.0938332
0.0938452
0.0938539
0.0938658
0.0938745
0.0938865
0.0938951
0.093907
0.0939156
0.0939275
0.0939361
0.093948
0.0939566
0.0939683
0.0939769
0.0939887
0.0939973
0.094009
0.0940175
0.0940292
0.0940378
0.0940494
0.0940579
0.0940696
0.0940781
0.0940897
0.0940981
0.0941097
0.0941181
0.0941297
0.0941381
0.0941497
0.094158
0.0941695
0.0941779
0.0941894
0.0941977
0.0942092
0.0942175
0.0942289
0.0942372
0.0942486
0.0942569
0.0942683
0.0942765
0.0942879
0.0942961
0.0943074
0.0943156
0.0943269
0.0943351
0.0943464
0.0943546
0.0943658
0.0943739
0.0943851
0.0943933
0.0944044
0.0944126
0.0944237
0.0944318
0.0944429
0.094451
0.0944621
0.0944701
0.0944812
0.0944892
0.0945002
0.0945083
0.0945193
0.0945273
0.0945382
0.0945462
0.0945572
0.0945651
0.094576
0.094584
0.0945949
0.0946028
0.0946136
0.0946216
0.0946324
0.0946403
0.0946511
0.0946589
0.0946697
0.0946776
0.0946883
0.0946961
0.0947069
0.0947147
0.0947254
0.0947332
0.0947438
0.0947516
0.0947622
0.09477
0.0947806
0.0947883
0.0947989
0.0948066
0.0948172
0.0948249
0.0948354
0.0948431
0.0948536
0.0948613
0.0948717
0.0948794
0.0948898
0.0948974
0.0949079
0.0949155
0.0949259
0.0949335
0.0949438
0.0949514
0.0949617
0.0949693
0.0949796
0.0949871
0.0949974
0.0950049
0.0950152
0.0950227
0.0950329
0.0950404
0.0950506
0.0950581
0.0950683
0.0950757
0.0950859
0.0950933
0.0951034
0.0951108
0.0951209
0.0951283
0.0951384
0.0951458
0.0951558
0.0951632
0.0951732
0.0951805
0.0951906
0.0951979
0.0952078
0.0952151
0.0952251
0.0952324
0.0952423
0.0952496
0.0952595
0.0952667
0.0952766
0.0952838
0.0952937
0.0953009
0.0953107
0.0953179
0.0953277
0.0953349
0.0953447
0.0953518
0.0953616
0.0953687
0.0953784
0.0953855
0.0953953
0.0954024
0.095412
0.0954191
0.0954288
0.0954358
0.0954455
0.0954525
0.0954621
0.0954692
0.0954788
0.0954858
0.0954953
0.0955023
0.0955119
0.0955188
0.0955284
0.0955353
0.0955448
0.0955518
0.0955612
0.0955682
0.0955776
0.0955845
0.0955939
0.0956008
0.0956102
0.0956171
0.0956265
0.0956333
0.0956427
0.0956495
0.0956588
0.0956657
0.095675
0.0956818
0.095691
0.0956978
0.0957071
0.0957139
0.0957231
0.0957298
0.0957391
0.0957458
0.095755
0.0957617
0.0957709
0.0957776
0.0957867
0.0957934
0.0958025
0.0958092
0.0958183
0.0958249
0.095834
0.0958407
0.0958497
0.0958563
0.0958654
0.095872
0.095881
0.0958876
0.0958965
0.0959031
0.0959121
0.0959186
0.0959276
0.0959341
0.095943
0.0959495
0.0959584
0.0959649
0.0959738
0.0959803
0.0959892
0.0959956
0.0960045
0.0960109
0.0960197
0.0960262
0.0960349
0.0960414
0.0960501
0.0960565
0.0960653
0.0960717
0.0960804
0.0960868
0.0960955
0.0961018
0.0961105
0.0961168
0.0961255
0.0961318
0.0961405
0.0961468
0.0961554
0.0961617
0.0961703
0.0961766
0.0961851
0.0961914
0.0961999
0.0962062
0.0962147
0.0962209
0.0962294
0.0962357
0.0962441
0.0962503
0.0962588
0.096265
0.0962734
0.0962796
0.096288
0.0962942
0.0963026
0.0963087
0.0963171
0.0963232
0.0963316
0.0963377
0.096346
0.0963521
0.0963604
0.0963665
0.0963748
0.0963809
0.0963892
0.0963952
0.0964035
0.0964095
0.0964177
0.0964237
0.096432
0.096438
0.0964461
0.0964521
0.0964603
0.0964663
0.0964744
0.0964804
0.0964885
0.0964945
0.0965026
0.0965085
0.0965166
0.0965225
0.0965306
0.0965365
0.0965445
0.0965504
0.0965584
0.0965643
0.0965723
0.0965782
0.0965862
0.096592
0.0966
0.0966058
0.0966138
0.0966196
0.0966275
0.0966333
0.0966412
0.096647
0.0966549
0.0966606
0.0966685
0.0966743
0.0966821
0.0966879
0.0966957
0.0967014
0.0967092
0.0967149
0.0967227
0.0967284
0.0967362
0.0967419
0.0967496
0.0967553
0.096763
0.0967687
0.0967764
0.0967821
0.0967897
0.0967954
0.096803
0.0968087
0.0968163
0.0968219
0.0968296
0.0968351
0.0968428
0.0968483
0.0968559
0.0968615
0.0968691
0.0968746
0.0968822
0.0968877
0.0968952
0.0969008
0.0969083
0.0969138
0.0969213
0.0969268
0.0969343
0.0969397
0.0969472
0.0969527
0.0969601
0.0969656
0.096973
0.0969784
0.0969858
0.0969912
0.0969986
0.097004
0.0970114
0.0970168
0.0970242
0.0970295
0.0970369
0.0970423
0.0970496
0.0970549
0.0970622
0.0970676
0.0970748
0.0970802
0.0970874
0.0970927
0.0971
0.0971053
0.0971125
0.0971178
0.097125
0.0971303
0.0971375
0.0971427
0.0971499
0.0971552
0.0971623
0.0971676
0.0971747
0.0971799
0.097187
0.0971922
0.0971993
0.0972045
0.0972116
0.0972168
0.0972239
0.097229
0.0972361
0.0972412
0.0972483
0.0972534
0.0972604
0.0972656
0.0972726
0.0972777
0.0972847
0.0972898
0.0972967
0.0973018
0.0973088
0.0973138
0.0973208
0.0973258
0.0973327
0.0973378
0.0973447
0.0973497
0.0973566
0.0973616
0.0973685
0.0973735
0.0973804
0.0973854
0.0973922
0.0973972
0.097404
0.097409
0.0974157
0.0974207
0.0974275
0.0974324
0.0974392
0.0974441
0.0974509
0.0974558
0.0974625
0.0974674
0.0974741
0.0974791
0.0974857
0.0974906
0.0974973
0.0975022
0.0975088
0.0975137
0.0975203
0.0975252
0.0975318
0.0975367
0.0975433
0.0975481
0.0975547
0.0975595
0.0975661
0.0975709
0.0975775
0.0975822
0.0975888
0.0975936
0.0976001
0.0976049
0.0976114
0.0976161
0.0976226
0.0976274
0.0976338
0.0976386
0.097645
0.0976498
0.0976562
0.0976609
0.0976673
0.097672
0.0976785
0.0976831
0.0976895
0.0976942
0.0977006
0.0977053
0.0977116
0.0977163
0.0977226
0.0977273
0.0977336
0.0977382
0.0977445
0.0977492
0.0977555
0.0977601
0.0977664
0.0977709
0.0977772
0.0977818
0.0977881
0.0977926
0.0977989
0.0978034
0.0978096
0.0978142
0.0978204
0.0978249
0.0978311
0.0978357
0.0978418
0.0978463
0.0978525
0.097857
0.0978632
0.0978676
0.0978738
0.0978783
0.0978844
0.0978888
0.0978949
0.0978994
0.0979055
0.0979099
0.097916
0.0979204
0.0979265
0.0979309
0.097937
0.0979414
0.0979474
0.0979518
0.0979578
0.0979622
0.0979682
0.0979726
0.0979785
0.0979829
0.0979889
0.0979932
0.0979992
0.0980035
0.0980095
0.0980138
0.0980197
0.0980241
0.09803
0.0980343
0.0980402
0.0980445
0.0980503
0.0980546
0.0980605
0.0980648
0.0980706
0.0980749
0.0980807
0.098085
0.0980908
0.0980951
0.0981009
0.0981051
0.0981109
0.0981151
0.0981209
0.0981251
0.0981309
0.0981351
0.0981408
0.098145
0.0981508
0.0981549
0.0981607
0.0981648
0.0981705
0.0981747
0.0981804
0.0981846
0.0981902
0.0981944
0.0982
0.0982042
0.0982098
0.0982139
0.0982196
0.0982237
0.0982293
0.0982334
0.098239
0.0982431
0.0982487
0.0982528
0.0982584
0.0982624
0.098268
0.0982721
0.0982776
0.0982817
0.0982872
0.0982912
0.0982967
0.0983008
0.0983063
0.0983103
0.0983158
0.0983198
0.0983253
0.0983293
0.0983348
0.0983388
0.0983442
0.0983482
0.0983536
0.0983576
0.098363
0.098367
0.0983724
0.0983764
0.0983818
0.0983857
0.0983911
0.098395
0.0984004
0.0984043
0.0984097
0.0984136
0.0984189
0.0984228
0.0984282
0.098432
0.0984374
0.0984413
0.0984466
0.0984504
0.0984557
0.0984596
0.0984649
0.0984687
0.098474
0.0984778
0.0984831
0.0984869
0.0984922
0.098496
0.0985012
0.098505
0.0985102
0.098514
0.0985192
0.098523
0.0985282
0.098532
0.0985372
0.098541
0.0985461
0.0985499
0.098555
0.0985588
0.0985639
0.0985677
0.0985728
0.0985765
0.0985817
0.0985854
0.0985905
0.0985942
0.0985993
0.098603
0.0986081
0.0986118
0.0986168
0.0986205
0.0986256
0.0986293
0.0986343
0.098638
0.098643
0.0986467
0.0986517
0.0986553
0.0986603
0.098664
0.098669
0.0986726
0.0986776
0.0986812
0.0986862
0.0986898
0.0986947
0.0986983
0.0987033
0.0987069
0.0987118
0.0987154
0.0987203
0.0987239
0.0987288
0.0987323
0.0987372
0.0987408
0.0987457
0.0987492
0.0987541
0.0987576
0.0987625
0.098766
0.0987709
0.0987744
0.0987792
0.0987827
0.0987876
0.0987911
0.0987959
0.0987994
0.0988042
0.0988077
0.0988124
0.0988159
0.0988207
0.0988242
0.0988289
0.0988324
0.0988371
0.0988406
0.0988453
0.0988488
0.0988535
0.0988569
0.0988616
0.0988651
0.0988698
0.0988732
0.0988779
0.0988813
0.098886
0.0988894
0.098894
0.0988974
0.0989021
0.0989055
0.0989101
0.0989135
0.0989181
0.0989215
0.0989261
0.0989295
0.0989341
0.0989374
0.098942
0.0989454
0.0989499
0.0989533
0.0989579
0.0989612
0.0989657
0.0989691
0.0989736
0.0989769
0.0989815
0.0989848
0.0989893
0.0989926
0.0989971
0.0990004
0.0990049
0.0990082
0.0990127
0.0990159
0.0990204
0.0990237
0.0990281
0.0990314
0.0990359
0.0990391
0.0990436
0.0990468
0.0990512
0.0990545
0.0990589
0.0990621
0.0990665
0.0990697
0.0990741
0.0990774
0.0990817
0.0990849
0.0990893
0.0990925
0.0990969
0.0991001
0.0991044
0.0991076
0.0991119
0.0991151
0.0991194
0.0991226
0.0991269
0.0991301
0.0991344
0.0991375
0.0991418
0.099145
0.0991493
0.0991524
0.0991567
0.0991598
0.0991641
0.0991672
0.0991715
0.0991746
0.0991788
0.0991819
0.0991861
0.0991892
0.0991935
0.0991965
0.0992008
0.0992038
0.099208
0.0992111
0.0992153
0.0992184
0.0992226
0.0992256
0.0992298
0.0992328
0.099237
0.09924
0.0992442
0.0992472
0.0992514
0.0992544
0.0992585
0.0992615
0.0992657
0.0992687
0.0992728
0.0992758
0.0992799
0.0992829
0.099287
0.0992899
0.099294
0.099297
0.0993011
0.099304
0.0993081
0.0993111
0.0993151
0.0993181
0.0993221
0.0993251
0.0993291
0.099332
0.0993361
0.099339
0.099343
0.0993459
0.0993499
0.0993528
0.0993568
0.0993598
0.0993637
0.0993666
0.0993706
0.0993735
0.0993775
0.0993804
0.0993843
0.0993872
0.0993911
0.099394
0.0993979
0.0994008
0.0994047
0.0994076
0.0994115
0.0994144
0.0994183
0.0994211
0.099425
0.0994278
0.0994317
0.0994345
0.0994384
0.0994412
0.0994451
0.0994479
0.0994518
0.0994546
0.0994584
0.0994612
0.0994651
0.0994679
0.0994717
0.0994745
0.0994783
0.0994811
0.0994849
0.0994877
0.0994915
0.0994942
0.099498
0.0995008
0.0995046
0.0995073
0.0995111
0.0995138
0.0995176
0.0995203
0.0995241
0.0995268
0.0995306
0.0995333
0.099537
0.0995397
0.0995435
0.0995462
0.0995499
0.0995526
0.0995563
0.099559
0.0995627
0.0995654
0.0995691
0.0995718
0.0995754
0.0995781
0.0995818
0.0995845
0.0995881
0.0995908
0.0995944
0.0995971
0.0996007
0.0996034
0.099607
0.0996097
0.0996133
0.0996159
0.0996195
0.0996222
0.0996258
0.0996284
0.099632
0.0996346
0.0996382
0.0996408
0.0996444
0.099647
0.0996506
0.0996532
0.0996567
0.0996593
0.0996629
0.0996654
0.099669
0.0996716
0.0996751
0.0996777
0.0996812
0.0996838
0.0996873
0.0996898
0.0996934
0.0996959
0.0996994
0.0997019
0.0997054
0.099708
0.0997115
0.099714
0.0997175
0.09972
0.0997235
0.099726
0.0997294
0.099732
0.0997354
0.0997379
0.0997413
0.0997438
0.0997473
0.0997498
0.0997532
0.0997557
0.0997591
0.0997616
0.099765
0.0997675
0.0997709
0.0997733
0.0997767
0.0997792
0.0997826
0.099785
0.0997884
0.0997908
0.0997942
0.0997967
0.0998
0.0998024
0.0998058
0.0998082
0.0998116
0.099814
0.0998173
0.0998197
0.0998231
0.0998255
0.0998288
0.0998312
0.0998345
0.0998369
0.0998402
0.0998426
0.0998459
0.0998483
0.0998516
0.099854
0.0998572
0.0998596
0.0998629
0.0998652
0.0998685
0.0998709
0.0998741
0.0998765
0.0998797
0.0998821
0.0998853
0.0998876
0.0998909
0.0998932
0.0998964
0.0998988
0.099902
0.0999043
0.0999075
0.0999098
0.099913
0.0999153
0.0999185
0.0999208
0.099924
0.0999263
0.0999295
0.0999318
0.099935
0.0999373
0.0999404
0.0999427
0.0999458
0.0999481
0.0999513
0.0999535
0.0999567
0.0999589
0.0999621
0.0999643
0.0999674
0.0999697
0.0999728
0.0999751
0.0999782
0.0999804
0.0999835
0.0999858
0.0999888
0.0999911
0.0999942
0.0999964
0.0999995
0.100002
0.100005
0.100007
0.10001
0.100012
0.100015
0.100017
0.100021
0.100023
0.100026
0.100028
0.100031
0.100033
0.100036
0.100038
0.100041
0.100044
0.100047
0.100049
0.100052
0.100054
0.100057
0.100059
0.100062
0.100064
0.100067
0.100069
0.100072
0.100074
0.100077
0.10008
0.100082
0.100085
0.100088
0.10009
0.100093
0.100095
0.100098
0.1001
0.100103
0.100105
0.100108
0.10011
0.100113
0.100115
0.100118
0.10012
0.100123
0.100125
0.100128
0.10013
0.100133
0.100135
0.100138
0.10014
0.100143
0.100145
0.100148
0.10015
0.100152
0.100155
0.100157
0.100159
0.100162
0.100164
0.100167
0.100169
0.100172
0.100174
0.100177
0.100179
0.100182
0.100184
0.100187
0.100189
0.100191
0.100193
0.100196
0.100198
0.100201
0.100203
0.100206
0.100208
0.100211
0.100213
0.100215
0.100217
0.10022
0.100222
0.100225
0.100227
0.10023
0.100232
0.100234
0.100236
0.100239
0.100241
0.100244
0.100246
0.100248
0.10025
0.100253
0.100255
0.100258
0.10026
0.100262
0.100264
0.100267
0.100269
0.100272
0.100273
0.100276
0.100278
0.100281
0.100283
0.100285
0.100287
0.10029
0.100292
0.100294
0.100296
0.100299
0.100301
0.100304
0.100305
0.100308
0.10031
0.100313
0.100314
0.100317
0.100319
0.100322
0.100323
0.100326
0.100328
0.100331
0.100332
0.100335
0.100337
0.100339
0.100341
0.100344
0.100346
0.100348
0.10035
0.100353
0.100355
0.100357
0.100359
0.100362
0.100363
0.100366
0.100368
0.10037
0.100372
0.100375
0.100376
0.100379
0.100381
0.100383
0.100385
0.100388
0.100389
0.100392
0.100394
0.100396
0.100398
0.100401
0.100402
0.100405
0.100407
0.100409
0.100411
0.100413
0.100415
0.100418
0.100419
0.100422
0.100424
0.100426
0.100428
0.10043
0.100432
0.100435
0.100436
0.100439
0.100441
0.100443
0.100445
0.100447
0.100449
0.100451
0.100453
0.100456
0.100457
0.10046
0.100461
0.100464
0.100466
0.100468
0.10047
0.100472
0.100474
0.100476
0.100478
0.10048
0.100482
0.100484
0.100486
0.100488
0.10049
0.100492
0.100494
0.100497
0.100498
0.100501
0.100502
0.100505
0.100506
0.100509
0.10051
0.100513
0.100514
0.100517
0.100518
0.100521
0.100522
0.100525
0.100526
0.100529
0.10053
0.100533
0.100534
0.100537
0.100538
0.10054
0.100542
0.100544
0.100546
0.100548
0.10055
0.100552
0.100554
0.100556
0.100558
0.10056
0.100562
0.100564
0.100566
0.100568
0.100569
0.100572
0.100573
0.100576
0.100577
0.100579
0.100581
0.100583
0.100585
0.100587
0.100589
0.100591
0.100593
0.100595
0.100596
0.100599
0.1006
0.100602
0.100604
0.100606
0.100608
0.10061
0.100611
0.100614
0.100615
0.100617
0.100619
0.100621
0.100623
0.100625
0.100626
0.100629
0.10063
0.100632
0.100634
0.100636
0.100638
0.10064
0.100641
0.100643
0.100645
0.100647
0.100649
0.100651
0.100652
0.100654
0.100656
0.100658
0.10066
0.100662
0.100663
0.100665
0.100667
0.100669
0.10067
0.100673
0.100674
0.100676
0.100678
0.10068
0.100681
0.100683
0.100685
0.100687
0.100688
0.100691
0.100692
0.100694
0.100696
0.100698
0.100699
0.100701
0.100703
0.100705
0.100706
0.100708
0.10071
0.100712
0.100713
0.100715
0.100717
0.100719
0.10072
0.100722
0.100724
0.100726
0.100727
0.100729
0.100731
0.100733
0.100734
0.100736
0.100738
0.10074
0.100741
0.100743
0.100744
0.100746
0.100748
0.10075
0.100751
0.100753
0.100755
0.100757
0.100758
0.10076
0.100762
0.100764
0.100765
0.100767
0.100768
0.10077
0.100772
0.100774
0.100775
0.100777
0.100778
0.10078
0.100782
0.100784
0.100785
0.100787
0.100788
0.10079
0.100792
0.100794
0.100795
0.100797
0.100798
0.1008
0.100802
0.100804
0.100805
0.100807
0.100808
0.10081
0.100811
0.100813
0.100815
0.100817
0.100818
0.10082
0.100821
0.100823
0.100824
0.100826
0.100828
0.10083
0.100831
0.100833
0.100834
0.100836
0.100837
0.100839
0.10084
0.100842
0.100844
0.100846
0.100847
0.100849
0.10085
0.100852
0.100853
0.100855
0.100856
0.100858
0.10086
0.100861
0.100863
0.100864
0.100866
0.100868
0.100869
0.100871
0.100872
0.100874
0.100875
0.100877
0.100878
0.10088
0.100881
0.100883
0.100884
0.100886
0.100887
0.100889
0.100891
0.100892
0.100894
0.100895
0.100897
0.100898
0.1009
0.100901
0.100903
0.100905
0.100906
0.100908
0.100909
0.100911
0.100912
0.100914
0.100915
0.100917
0.100918
0.10092
0.100921
0.100923
0.100924
0.100926
0.100927
0.100929
0.10093
0.100932
0.100933
0.100934
0.100936
0.100937
0.100939
0.10094
0.100942
0.100943
0.100945
0.100946
0.100947
0.100949
0.10095
0.100952
0.100953
0.100955
0.100956
0.100958
0.100959
0.100961
0.100962
0.100964
0.100965
0.100967
0.100968
0.100969
0.100971
0.100972
0.100973
0.100975
0.100976
0.100978
0.100979
0.100981
0.100982
0.100984
0.100985
0.100987
0.100988
0.100989
0.100991
0.100992
0.100993
0.100995
0.100996
0.100998
0.100999
0.101001
0.101002
0.101003
0.101005
0.101006
0.101007
0.101009
0.10101
0.101012
0.101013
0.101014
0.101016
0.101017
0.101018
0.10102
0.101021
0.101023
0.101024
0.101025
0.101027
0.101028
0.101029
0.101031
0.101032
0.101034
0.101035
0.101036
0.101037
0.101039
0.10104
0.101042
0.101043
0.101044
0.101045
0.101047
0.101048
0.10105
0.101051
0.101052
0.101053
0.101055
0.101056
0.101058
0.101059
0.10106
0.101061
0.101063
0.101064
0.101066
0.101067
0.101068
0.101069
0.101071
0.101072
0.101073
0.101075
0.101076
0.101077
0.101079
0.10108
0.101081
0.101082
0.101084
0.101085
0.101086
0.101087
0.101089
0.10109
0.101092
0.101093
0.101094
0.101095
0.101097
0.101098
0.101099
0.1011
0.101102
0.101103
0.101104
0.101105
0.101107
0.101108
0.101109
0.10111
0.101112
0.101113
0.101114
0.101115
0.101117
0.101118
0.101119
0.10112
0.101122
0.101123
0.101124
0.101125
0.101127
0.101128
0.101129
0.10113
0.101132
0.101133
0.101134
0.101135
0.101137
0.101138
0.101139
0.10114
0.101142
0.101143
0.101144
0.101145
0.101146
0.101147
0.101149
0.10115
0.101151
0.101152
0.101154
0.101155
0.101156
0.101157
0.101159
0.10116
0.101161
0.101162
0.101163
0.101164
0.101166
0.101167
0.101168
0.101169
0.10117
0.101171
0.101173
0.101174
0.101175
0.101176
0.101178
0.101178
0.10118
0.101181
0.101182
0.101183
0.101185
0.101185
0.101187
0.101188
0.101189
0.10119
0.101191
0.101192
0.101194
0.101195
0.101196
0.101197
0.101198
0.101199
0.101201
0.101202
0.101203
0.101204
0.101205
0.101206
0.101208
0.101208
0.10121
0.101211
0.101212
0.101213
0.101214
0.101215
0.101217
0.101218
0.101219
0.10122
0.101221
0.101222
0.101223
0.101224
0.101226
0.101226
0.101228
0.101229
0.10123
0.101231
0.101232
0.101233
0.101234
0.101235
0.101237
0.101238
0.101239
0.10124
0.101241
0.101242
0.101243
0.101244
0.101245
0.101246
0.101248
0.101248
0.10125
0.101251
0.101252
0.101253
0.101254
0.101255
0.101256
0.101257
0.101258
0.101259
0.101261
0.101261
0.101263
0.101264
0.101265
0.101266
0.101267
0.101268
0.101269
0.10127
0.101271
0.101272
0.101273
0.101274
0.101275
0.101276
0.101277
0.101278
0.10128
0.10128
0.101282
0.101283
0.101284
0.101285
0.101286
0.101287
0.101288
0.101289
0.10129
0.101291
0.101292
0.101293
0.101294
0.101295
0.101296
0.101297
0.101298
0.101299
0.1013
0.101301
0.101302
0.101303
0.101304
0.101305
0.101306
0.101307
0.101308
0.101309
0.10131
0.101311
0.101312
0.101313
0.101314
0.101315
0.101316
0.101317
0.101318
0.101319
0.10132
0.101321
0.101322
0.101323
0.101324
0.101325
0.101326
0.101327
0.101328
0.101329
0.10133
0.101331
0.101332
0.101333
0.101334
0.101335
0.101336
0.101337
0.101338
0.101339
0.10134
0.101341
0.101342
0.101343
0.101344
0.101345
0.101346
0.101347
0.101348
0.101349
0.10135
0.101351
0.101352
0.101352
0.101354
0.101354
0.101356
0.101356
0.101357
0.101358
0.101359
0.10136
0.101361
0.101362
0.101363
0.101364
0.101365
0.101366
0.101367
0.101368
0.101369
0.101369
0.101371
0.101371
0.101372
0.101373
0.101374
0.101375
0.101376
0.101377
0.101378
0.101379
0.10138
0.101381
0.101382
0.101382
0.101384
0.101384
0.101385
0.101386
0.101387
0.101388
0.101389
0.10139
0.101391
0.101392
0.101393
0.101393
0.101394
0.101395
0.101396
0.101397
0.101398
0.101399
0.1014
0.101401
0.101402
0.101402
0.101403
0.101404
0.101405
0.101406
0.101407
0.101408
0.101409
0.10141
0.101411
0.101411
0.101412
0.101413
0.101414
0.101415
0.101416
0.101417
0.101418
0.101418
0.101419
0.10142
0.101421
0.101422
0.101423
0.101424
0.101425
0.101425
0.101426
0.101427
0.101428
0.101429
0.10143
0.10143
0.101431
0.101432
0.101433
0.101434
0.101435
0.101436
0.101437
0.101437
0.101438
0.101439
0.10144
0.101441
0.101442
0.101442
0.101443
0.101444
0.101445
0.101446
0.101447
0.101447
0.101448
0.101449
0.10145
0.101451
0.101452
0.101452
0.101453
0.101454
0.101455
0.101456
0.101457
0.101457
0.101458
0.101459
0.10146
0.101461
0.101462
0.101462
0.101463
0.101464
0.101465
0.101466
0.101467
0.101467
0.101468
0.101469
0.10147
0.10147
0.101471
0.101472
0.101473
0.101474
0.101475
0.101475
0.101476
0.101477
0.101478
0.101478
0.101479
0.10148
0.101481
0.101482
0.101483
0.101483
0.101484
0.101485
0.101486
0.101486
0.101487
0.101488
0.101489
0.10149
0.10149
0.101491
0.101492
0.101493
0.101494
0.101494
0.101495
0.101496
0.101497
0.101497
0.101498
0.101499
0.1015
0.1015
0.101501
0.101502
0.101503
0.101504
0.101504
0.101505
0.101506
0.101507
0.101507
0.101508
0.101509
0.10151
0.101511
0.101511
0.101512
0.101513
0.101514
0.101514
0.101515
0.101516
0.101517
0.101517
0.101518
0.101519
0.10152
0.10152
0.101521
0.101522
0.101523
0.101523
0.101524
0.101525
0.101525
0.101526
0.101527
0.101528
0.101528
0.101529
0.10153
0.101531
0.101531
0.101532
0.101533
0.101533
0.101534
0.101535
0.101536
0.101536
0.101537
0.101538
0.101539
0.101539
0.10154
0.101541
0.101542
0.101542
0.101543
0.101544
0.101544
0.101545
0.101546
0.101546
0.101547
0.101548
0.101549
0.101549
0.10155
0.101551
0.101552
0.101552
0.101553
0.101554
0.101554
0.101555
0.101556
0.101556
0.101557
0.101558
0.101559
0.101559
0.10156
0.101561
0.101561
0.101562
0.101563
0.101563
0.101564
0.101565
0.101566
0.101566
0.101567
0.101567
0.101568
0.101569
0.10157
0.10157
0.101571
0.101572
0.101572
0.101573
0.101574
0.101574
0.101575
0.101576
0.101576
0.101577
0.101578
0.101578
0.101579
0.10158
0.10158
0.101581
0.101582
0.101582
0.101583
0.101584
0.101584
0.101585
0.101586
0.101586
0.101587
0.101588
0.101588
0.101589
0.10159
0.10159
0.101591
0.101592
0.101592
0.101593
0.101594
0.101594
0.101595
0.101596
0.101596
0.101597
0.101598
0.101598
0.101599
0.101599
0.1016
0.101601
0.101602
0.101602
0.101603
0.101603
0.101604
0.101605
0.101605
0.101606
0.101607
0.101607
0.101608
0.101608
0.101609
0.10161
0.10161
0.101611
0.101612
0.101612
0.101613
0.101614
0.101614
0.101615
0.101616
0.101616
0.101617
0.101617
0.101618
0.101619
0.101619
0.10162
0.10162
0.101621
0.101622
0.101622
0.101623
0.101623
0.101624
0.101625
0.101625
0.101626
0.101627
0.101627
0.101628
0.101628
0.101629
0.10163
0.10163
0.101631
0.101632
0.101632
0.101633
0.101633
0.101634
0.101634
0.101635
0.101636
0.101636
0.101637
0.101638
0.101638
0.101639
0.101639
0.10164
0.10164
0.101641
0.101642
0.101642
0.101643
0.101644
0.101644
0.101645
0.101645
0.101646
0.101646
0.101647
0.101648
0.101648
0.101649
0.101649
0.10165
0.101651
0.101651
0.101652
0.101652
0.101653
0.101653
0.101654
0.101655
0.101655
0.101656
0.101656
0.101657
0.101658
0.101658
0.101659
0.101659
0.10166
0.10166
0.101661
0.101661
0.101662
0.101663
0.101663
0.101664
0.101664
0.101665
0.101666
0.101666
0.101667
0.101667
0.101668
0.101668
0.101669
0.101669
0.10167
0.10167
0.101671
0.101672
0.101672
0.101673
0.101673
0.101674
0.101674
0.101675
0.101676
0.101676
0.101677
0.101677
0.101678
0.101678
0.101679
0.101679
0.10168
0.10168
0.101681
0.101682
0.101682
0.101683
0.101683
0.101684
0.101684
0.101685
0.101685
0.101686
0.101686
0.101687
0.101688
0.101688
0.101689
0.101689
0.10169
0.10169
0.101691
0.101691
0.101692
0.101692
0.101693
0.101693
0.101694
0.101694
0.101695
0.101695
0.101696
0.101696
0.101697
0.101698
0.101698
0.101699
0.101699
0.1017
0.1017
0.101701
0.101701
0.101702
0.101702
0.101703
0.101703
0.101704
0.101704
0.101705
0.101705
0.101706
0.101706
0.101707
0.101707
0.101708
0.101709
0.101709
0.10171
0.10171
0.101711
0.101711
0.101712
0.101712
0.101713
0.101713
0.101714
0.101714
0.101715
0.101715
0.101716
0.101716
0.101717
0.101717
0.101718
0.101718
0.101719
0.101719
0.10172
0.10172
0.101721
0.101721
0.101722
0.101722
0.101723
0.101723
0.101724
0.101724
0.101725
0.101725
0.101726
0.101726
0.101726
0.101727
0.101727
0.101728
0.101728
0.101729
0.101729
0.10173
0.10173
0.101731
0.101731
0.101732
0.101732
0.101733
0.101733
0.101734
0.101734
0.101735
0.101735
0.101736
0.101736
0.101737
0.101737
0.101737
0.101738
0.101738
0.101739
0.101739
0.10174
0.10174
0.101741
0.101741
0.101742
0.101742
0.101743
0.101743
0.101744
0.101744
0.101745
0.101745
0.101746
0.101746
0.101746
0.101747
0.101747
0.101748
0.101748
0.101749
0.101749
0.10175
0.10175
0.101751
0.101751
0.101751
0.101752
0.101752
0.101753
0.101753
0.101754
0.101754
0.101755
0.101755
0.101756
0.101756
0.101757
0.101757
0.101757
0.101758
0.101758
0.101759
0.101759
0.10176
0.10176
0.10176
0.101761
0.101761
0.101762
0.101762
0.101763
0.101763
0.101764
0.101764
0.101765
0.101765
0.101765
0.101766
0.101766
0.101767
0.101767
0.101768
0.101768
0.101768
0.101769
0.101769
0.10177
0.10177
0.101771
0.101771
0.101772
0.101772
0.101772
0.101773
0.101773
0.101774
0.101774
0.101774
0.101775
0.101775
0.101776
0.101776
0.101777
0.101777
0.101778
0.101778
0.101778
0.101779
0.101779
0.10178
0.10178
0.10178
0.101781
0.101781
0.101782
0.101782
0.101783
0.101783
0.101783
0.101784
0.101784
0.101785
0.101785
0.101785
0.101786
0.101786
0.101787
0.101787
0.101788
0.101788
0.101788
0.101789
0.101789
0.10179
0.10179
0.10179
0.101791
0.101791
0.101792
0.101792
0.101792
0.101793
0.101793
0.101794
0.101794
0.101794
0.101795
0.101795
0.101796
0.101796
0.101797
0.101797
0.101797
0.101798
0.101798
0.101798
0.101799
0.101799
0.1018
0.1018
0.101801
0.101801
0.101801
0.101802
0.101802
0.101802
0.101803
0.101803
0.101804
0.101804
0.101804
0.101805
0.101805
0.101806
0.101806
0.101806
0.101807
0.101807
0.101808
0.101808
0.101808
0.101809
0.101809
0.101809
0.10181
0.10181
0.101811
0.101811
0.101811
0.101812
0.101812
0.101812
0.101813
0.101813
0.101814
0.101814
0.101814
0.101815
0.101815
0.101816
0.101816
0.101816
0.101817
0.101817
0.101817
0.101818
0.101818
0.101819
0.101819
0.101819
0.10182
0.10182
0.10182
0.101821
0.101821
0.101821
0.101822
0.101822
0.101823
0.101823
0.101823
0.101824
0.101824
0.101824
0.101825
0.101825
0.101826
0.101826
0.101826
0.101827
0.101827
0.101827
0.101828
0.101828
0.101829
0.101829
0.101829
0.10183
0.10183
0.10183
0.101831
0.101831
0.101831
0.101832
0.101832
0.101832
0.101833
0.101833
0.101834
0.101834
0.101834
0.101835
0.101835
0.101835
0.101836
0.101836
0.101836
0.101837
0.101837
0.101837
0.101838
0.101838
0.101838
0.101839
0.101839
0.101839
0.10184
0.10184
0.101841
0.101841
0.101841
0.101841
0.101842
0.101842
0.101843
0.101843
0.101843
0.101844
0.101844
0.101844
0.101845
0.101845
0.101845
0.101846
0.101846
0.101846
0.101847
0.101847
0.101847
0.101848
0.101848
0.101848
0.101849
0.101849
0.101849
0.10185
0.10185
0.10185
0.101851
0.101851
0.101851
0.101852
0.101852
0.101852
0.101853
0.101853
0.101853
0.101854
0.101854
0.101854
0.101855
0.101855
0.101855
0.101856
0.101856
0.101856
0.101857
0.101857
0.101857
0.101858
0.101858
0.101858
0.101859
0.101859
0.101859
0.101859
0.10186
0.10186
0.101861
0.101861
0.101861
0.101861
0.101862
0.101862
0.101862
0.101863
0.101863
0.101863
0.101864
0.101864
0.101864
0.101865
0.101865
0.101865
0.101866
0.101866
0.101866
0.101866
0.101867
0.101867
0.101867
0.101868
0.101868
0.101868
0.101869
0.101869
0.101869
0.10187
0.10187
0.10187
0.101871
0.101871
0.101871
0.101871
0.101872
