-0.065
-0.058949
-0.0590299
-0.0561772
-0.0562523
-0.0541742
-0.054216
-0.052488
-0.0524691
-0.0509133
-0.0508023
-0.0493092
-0.0490656
-0.0475439
-0.0471093
-0.0454582
-0.0447394
-0.0428182
-0.0416534
-0.0392294
-0.0373183
-0.0339647
-0.0307255
-0.0256276
-0.0199749
-0.0117817
-0.00238304
0.00939031
0.0206532
0.0307366
0.0368369
0.0405037
0.0413523
0.0415727
0.0403826
0.0393367
0.0373337
0.0356938
0.0332679
0.0312863
0.0286157
0.0264318
0.0236289
0.0213381
0.0184831
0.0161549
0.0133054
0.0109892
0.00818498
0.00591373
0.00318032
0.000974522
-0.00167366
-0.00380316
-0.00635972
-0.00840896
-0.0108734
-0.0128435
-0.0152195
-0.0171157
-0.019411
-0.0212426
-0.0234698
-0.0252516
-0.0274294
-0.0291841
-0.0313402
-0.0331002
-0.0352732
-0.0370822
-0.0393207
-0.0412304
-0.0435869
-0.0456443
-0.0481538
-0.0503693
-0.0530021
-0.0552884
-0.0578858
-0.0600089
-0.0622806
-0.0639376
-0.0656305
-0.066673
-0.0677686
-0.0682914
-0.0689548
-0.0691454
-0.0695528
-0.0695588
-0.0698253
-0.0697323
-0.0699206
-0.0697736
-0.0699163
-0.0697387
-0.0698531
-0.0696577
-0.0697534
-0.0695472
-0.0696297
-0.069417
-0.0694898
-0.0692731
-0.0693383
-0.0691191
-0.0691782
-0.0689576
-0.0690115
-0.0687903
-0.0688396
-0.0686181
-0.0686635
-0.0684421
-0.0684837
-0.0682626
-0.0683008
-0.0680801
-0.0681152
-0.067895
-0.0679271
-0.0677074
-0.0677367
-0.0675177
-0.0675443
-0.0673259
-0.0673499
-0.0671323
-0.0671538
-0.0669368
-0.0669559
-0.0667398
-0.0667566
-0.0665412
-0.0665558
-0.0663411
-0.0663536
-0.0661397
-0.0661502
-0.0659371
-0.0659456
-0.0657333
-0.0657399
-0.0655285
-0.0655333
-0.0653227
-0.0653257
-0.065116
-0.0651174
-0.0649085
-0.0649083
-0.0647003
-0.0646986
-0.0644915
-0.0644883
-0.0642821
-0.0642776
-0.0640723
-0.0640664
-0.0638621
-0.063855
-0.0636516
-0.0636433
-0.0634409
-0.0634314
-0.0632301
-0.0632195
-0.0630191
-0.0630075
-0.0628082
-0.0627956
-0.0625973
-0.0625837
-0.0623865
-0.062372
-0.0621759
-0.0621606
-0.0619655
-0.0619494
-0.0617554
-0.0617386
-0.0615456
-0.0615281
-0.0613363
-0.0613181
-0.0611273
-0.0611085
-0.0609188
-0.0608994
-0.0607108
-0.0606908
-0.0605033
-0.0604827
-0.0602963
-0.0602752
-0.0600899
-0.0600683
-0.059884
-0.0598619
-0.0596787
-0.0596561
-0.059474
-0.0594509
-0.0592698
-0.0592463
-0.0590662
-0.0590422
-0.0588632
-0.0588387
-0.0586606
-0.0586357
-0.0584585
-0.0584332
-0.0582569
-0.0582311
-0.0580557
-0.0580294
-0.0578549
-0.057828
-0.0576543
-0.057627
-0.0574541
-0.0574262
-0.057254
-0.0572255
-0.057054
-0.0570249
-0.056854
-0.0568243
-0.0566539
-0.0566235
-0.0564537
-0.0564225
-0.0562531
-0.0562212
-0.0560521
-0.0560194
-0.0558506
-0.0558169
-0.0556483
-0.0556137
-0.0554452
-0.0554094
-0.055241
-0.0552041
-0.0550355
-0.0549973
-0.0548284
-0.0547889
-0.0546196
-0.0545786
-0.0544088
-0.0543661
-0.0541956
-0.054151
-0.0539797
-0.0539331
-0.0537607
-0.0537119
-0.0535381
-0.0534869
-0.0533115
-0.0532575
-0.0530803
-0.0530232
-0.0528437
-0.0527833
-0.0526011
-0.0525369
-0.0523516
-0.052283
-0.0520941
-0.0520207
-0.0518274
-0.0517485
-0.0515502
-0.0514649
-0.0512607
-0.0511681
-0.050957
-0.0508559
-0.0506365
-0.0505255
-0.0502963
-0.0501737
-0.0499327
-0.0497964
-0.0495412
-0.0493885
-0.0491161
-0.0489434
-0.0486499
-0.048453
-0.0481333
-0.0479063
-0.0475539
-0.0472891
-0.046895
-0.0465822
-0.0461341
-0.0457589
-0.0452401
-0.0447824
-0.0441687
-0.0435995
-0.0428556
-0.0421319
-0.0412052
-0.0402617
-0.0390713
-0.0378072
-0.0362266
-0.0344836
-0.0323151
-0.0298491
-0.0267978
-0.0232663
-0.0189637
-0.014029
-0.00828224
-0.00208067
0.00441979
0.0104967
0.0157751
0.0196355
0.0221167
0.023123
0.0230897
0.0221007
0.0205923
0.0185662
0.016354
0.013868
0.0113693
0.00872109
0.00614755
0.00348792
0.00094712
-0.00164744
-0.00410159
-0.0065938
-0.00893642
-0.0113107
-0.0135334
-0.0157867
-0.0178904
-0.0200274
-0.0220199
-0.0240509
-0.025945
-0.0278855
-0.0296996
-0.0315708
-0.033329
-0.0351577
-0.0368891
-0.0387064
-0.0404431
-0.0422807
-0.044052
-0.045934
-0.0477558
-0.0496858
-0.0515439
-0.053485
-0.0553162
-0.057178
-0.0588686
-0.0605235
-0.061947
-0.0632872
-0.0643695
-0.0653633
-0.0661147
-0.0668061
-0.0672926
-0.0677573
-0.0680544
-0.0683619
-0.0685301
-0.0687313
-0.0688124
-0.0689413
-0.0689629
-0.0690417
-0.0690218
-0.0690653
-0.0690161
-0.0690343
-0.068964
-0.0689638
-0.0688781
-0.0688642
-0.0687672
-0.068743
-0.0686376
-0.0686057
-0.0684939
-0.068456
-0.0683394
-0.0682967
-0.0681764
-0.06813
-0.0680067
-0.0679573
-0.0678317
-0.0677797
-0.0676523
-0.0675982
-0.0674692
-0.0674133
-0.067283
-0.0672255
-0.0670942
-0.0670353
-0.0669031
-0.0668429
-0.0667099
-0.0666486
-0.0665149
-0.0664526
-0.0663183
-0.0662551
-0.0661203
-0.0660561
-0.065921
-0.065856
-0.0657205
-0.0656547
-0.0655189
-0.0654525
-0.0653164
-0.0652493
-0.065113
-0.0650453
-0.0649088
-0.0648407
-0.064704
-0.0646354
-0.0644986
-0.0644295
-0.0642927
-0.0642232
-0.0640865
-0.0640166
-0.0638798
-0.0638096
-0.0636729
-0.0636024
-0.0634659
-0.0633951
-0.0632587
-0.0631877
-0.0630514
-0.0629803
-0.0628442
-0.0627729
-0.0626371
-0.0625656
-0.0624301
-0.0623585
-0.0622232
-0.0621517
-0.0620167
-0.0619451
-0.0618104
-0.0617388
-0.0616045
-0.0615329
-0.061399
-0.0613274
-0.0611939
-0.0611224
-0.0609892
-0.0609178
-0.0607851
-0.0607138
-0.0605815
-0.0605103
-0.0603784
-0.0603073
-0.0601759
-0.0601049
-0.0599739
-0.0599031
-0.0597725
-0.0597018
-0.0595718
-0.0595012
-0.0593716
-0.0593011
-0.0591719
-0.0591016
-0.0589729
-0.0589027
-0.0587744
-0.0587043
-0.0585764
-0.0585065
-0.058379
-0.0583091
-0.058182
-0.0581122
-0.0579855
-0.0579157
-0.0577893
-0.0577196
-0.0575935
-0.0575238
-0.057398
-0.0573283
-0.0572027
-0.0571329
-0.0570076
-0.0569377
-0.0568126
-0.0567425
-0.0566175
-0.0565473
-0.0564224
-0.0563519
-0.056227
-0.0561563
-0.0560314
-0.0559603
-0.0558353
-0.0557638
-0.0556386
-0.0555666
-0.0554412
-0.0553687
-0.0552429
-0.0551698
-0.0550436
-0.0549697
-0.054843
-0.0547683
-0.0546409
-0.0545653
-0.0544372
-0.0543604
-0.0542314
-0.0541534
-0.0540233
-0.053944
-0.0538127
-0.0537317
-0.053599
-0.0535163
-0.053382
-0.0532972
-0.053161
-0.053074
-0.0529356
-0.0528461
-0.0527052
-0.0526127
-0.052469
-0.0523732
-0.0522262
-0.0521267
-0.0519759
-0.0518721
-0.051717
-0.0516082
-0.051448
-0.0513335
-0.0511675
-0.0510465
-0.0508736
-0.0507449
-0.050564
-0.0504264
-0.0502361
-0.050088
-0.0498865
-0.0497259
-0.0495109
-0.0493354
-0.0491044
-0.0489109
-0.0486602
-0.0484447
-0.0481699
-0.0479274
-0.0476227
-0.0473464
-0.0470039
-0.0466847
-0.046294
-0.0459197
-0.0454662
-0.0450196
-0.0444829
-0.0439397
-0.0432905
-0.0426149
-0.0418098
-0.0409488
-0.0399223
-0.0387946
-0.0374455
-0.0359251
-0.034096
-0.0319874
-0.0294389
-0.026455
-0.0228577
-0.0186511
-0.0136974
-0.00811233
-0.00197437
0.00428321
0.010243
0.0152796
0.0190794
0.0214074
0.0224377
0.0223123
0.0213807
0.0197955
0.0178311
0.0155437
0.01312
0.0105483
0.0079647
0.00532198
0.00273036
0.000124711
-0.00239838
-0.00491334
-0.00733113
-0.00973116
-0.0120288
-0.0143061
-0.0164812
-0.0186377
-0.0206956
-0.0227397
-0.0246916
-0.026637
-0.0284993
-0.0303653
-0.0321602
-0.0339718
-0.0357269
-0.0375137
-0.0392601
-0.0410539
-0.0428224
-0.0446509
-0.0464634
-0.0483391
-0.0501943
-0.0520974
-0.0539524
-0.0558139
-0.0575744
-0.0592797
-0.060821
-0.062251
-0.0634763
-0.0645692
-0.0654578
-0.066232
-0.0668323
-0.0673544
-0.06774
-0.0680822
-0.0683189
-0.068538
-0.0686735
-0.0688088
-0.068875
-0.0689525
-0.0689705
-0.0690075
-0.0689914
-0.0689994
-0.0689588
-0.0689457
-0.0688873
-0.0688588
-0.0687872
-0.0687471
-0.0686657
-0.068617
-0.0685282
-0.0684728
-0.0683784
-0.0683179
-0.068219
-0.0681545
-0.0680522
-0.0679844
-0.0678794
-0.067809
-0.0677018
-0.0676292
-0.0675202
-0.0674458
-0.0673352
-0.0672593
-0.0671474
-0.0670701
-0.0669571
-0.0668787
-0.0667647
-0.0666852
-0.0665704
-0.0664899
-0.0663744
-0.0662931
-0.0661769
-0.0660948
-0.065978
-0.0658952
-0.0657779
-0.0656945
-0.0655767
-0.0654927
-0.0653745
-0.06529
-0.0651715
-0.0650865
-0.0649676
-0.0648822
-0.0647631
-0.0646773
-0.064558
-0.0644718
-0.0643523
-0.0642659
-0.0641462
-0.0640596
-0.0639398
-0.0638529
-0.0637331
-0.063646
-0.0635262
-0.063439
-0.0633191
-0.0632318
-0.063112
-0.0630246
-0.0629049
-0.0628175
-0.0626979
-0.0626104
-0.062491
-0.0624035
-0.0622843
-0.0621969
-0.0620778
-0.0619904
-0.0618716
-0.0617843
-0.0616657
-0.0615786
-0.0614602
-0.0613732
-0.0612552
-0.0611683
-0.0610505
-0.0609639
-0.0608464
-0.06076
-0.0606428
-0.0605565
-0.0604397
-0.0603537
-0.0602372
-0.0601514
-0.0600353
-0.0599497
-0.0598339
-0.0597485
-0.0596331
-0.059548
-0.0594329
-0.0593481
-0.0592334
-0.0591487
-0.0590343
-0.0589499
-0.0588359
-0.0587516
-0.058638
-0.0585539
-0.0584406
-0.0583567
-0.0582436
-0.05816
-0.0580472
-0.0579637
-0.0578511
-0.0577678
-0.0576555
-0.0575722
-0.0574601
-0.0573769
-0.057265
-0.0571818
-0.0570701
-0.0569869
-0.0568752
-0.056792
-0.0566804
-0.0565972
-0.0564856
-0.0564022
-0.0562906
-0.056207
-0.0560953
-0.0560115
-0.0558996
-0.0558155
-0.0557034
-0.055619
-0.0555066
-0.0554217
-0.0553089
-0.0552235
-0.0551103
-0.0550242
-0.0549104
-0.0548237
-0.0547092
-0.0546216
-0.0545064
-0.0544178
-0.0543017
-0.054212
-0.0540948
-0.0540039
-0.0538854
-0.0537931
-0.0536732
-0.0535793
-0.0534578
-0.053362
-0.0532387
-0.0531408
-0.0530154
-0.0529151
-0.0527873
-0.0526843
-0.0525537
-0.0524477
-0.0523139
-0.0522044
-0.0520669
-0.0519534
-0.0518118
-0.0516937
-0.0515472
-0.0514238
-0.0512718
-0.0511422
-0.0509837
-0.0508471
-0.050681
-0.050536
-0.050361
-0.0502063
-0.0500208
-0.0498545
-0.0496564
-0.0494763
-0.0492633
-0.0490666
-0.0488354
-0.0486185
-0.0483651
-0.0481235
-0.0478426
-0.0475702
-0.0472549
-0.0469437
-0.0465847
-0.0462239
-0.0458086
-0.0453833
-0.0448938
-0.0443828
-0.0437941
-0.043167
-0.042442
-0.0416539
-0.0407374
-0.0397199
-0.0385275
-0.0371755
-0.0355757
-0.0337256
-0.0315156
-0.0289194
-0.0258044
-0.0221281
-0.0177638
-0.0127195
-0.00699784
-0.000842496
0.00541437
0.0112053
0.016053
0.0195534
0.0216521
0.0224241
0.0221556
0.0210623
0.0194197
0.0173617
0.0150673
0.0125867
0.010034
0.00741229
0.00480195
0.00218202
-0.00038447
-0.0029308
-0.00540333
-0.00784191
-0.0101982
-0.0125157
-0.0147491
-0.016944
-0.0190572
-0.0211355
-0.0231374
-0.0251109
-0.0270157
-0.0289014
-0.0307292
-0.0325497
-0.0343259
-0.0361093
-0.0378638
-0.0396416
-0.0414064
-0.0432087
-0.0450103
-0.0468575
-0.0487059
-0.0505932
-0.0524644
-0.054344
-0.0561639
-0.0579369
-0.0595879
-0.0611298
-0.0624962
-0.0637164
-0.0647448
-0.0656309
-0.0663464
-0.0669516
-0.0674229
-0.0678207
-0.0681189
-0.0683734
-0.0685534
-0.0687102
-0.0688097
-0.0688997
-0.0689435
-0.0689868
-0.0689915
-0.0690018
-0.0689785
-0.0689649
-0.0689213
-0.0688902
-0.0688317
-0.0687877
-0.0687181
-0.0686645
-0.0685866
-0.0685256
-0.0684413
-0.0683747
-0.0682855
-0.0682145
-0.0681215
-0.068047
-0.067951
-0.0678736
-0.0677751
-0.0676955
-0.067595
-0.0675135
-0.0674113
-0.0673282
-0.0672246
-0.0671401
-0.0670352
-0.0669495
-0.0668436
-0.0667568
-0.06665
-0.0665623
-0.0664546
-0.0663661
-0.0662577
-0.0661684
-0.0660593
-0.0659693
-0.0658597
-0.0657691
-0.0656589
-0.0655677
-0.0654571
-0.0653654
-0.0652544
-0.0651622
-0.0650508
-0.0649582
-0.0648465
-0.0647536
-0.0646416
-0.0645484
-0.0644362
-0.0643426
-0.0642302
-0.0641365
-0.0640239
-0.06393
-0.0638173
-0.0637232
-0.0636105
-0.0635162
-0.0634035
-0.0633091
-0.0631964
-0.063102
-0.0629892
-0.0628948
-0.0627822
-0.0626878
-0.0625752
-0.0624808
-0.0623684
-0.0622741
-0.0621618
-0.0620676
-0.0619555
-0.0618614
-0.0617495
-0.0616555
-0.0615438
-0.0614501
-0.0613386
-0.061245
-0.0611338
-0.0610404
-0.0609294
-0.0608363
-0.0607256
-0.0606327
-0.0605223
-0.0604297
-0.0603196
-0.0602272
-0.0601174
-0.0600253
-0.0599158
-0.0598239
-0.0597148
-0.0596232
-0.0595144
-0.059423
-0.0593146
-0.0592235
-0.0591153
-0.0590245
-0.0589167
-0.0588261
-0.0587185
-0.0586282
-0.0585209
-0.0584308
-0.0583238
-0.0582339
-0.0581272
-0.0580375
-0.057931
-0.0578414
-0.0577352
-0.0576458
-0.0575397
-0.0574504
-0.0573445
-0.0572553
-0.0571495
-0.0570603
-0.0569547
-0.0568655
-0.0567599
-0.0566707
-0.0565651
-0.0564758
-0.0563702
-0.0562807
-0.056175
-0.0560854
-0.0559795
-0.0558897
-0.0557835
-0.0556934
-0.055587
-0.0554965
-0.0553897
-0.0552987
-0.0551914
-0.0550999
-0.0549921
-0.0548999
-0.0547915
-0.0546985
-0.0545893
-0.0544955
-0.0543854
-0.0542905
-0.0541794
-0.0540834
-0.0539711
-0.0538738
-0.0537601
-0.0536612
-0.053546
-0.0534454
-0.0533284
-0.0532259
-0.0531069
-0.0530021
-0.0528808
-0.0527735
-0.0526495
-0.0525393
-0.0524123
-0.0522988
-0.0521683
-0.0520511
-0.0519166
-0.051795
-0.0516559
-0.0515294
-0.0513851
-0.0512528
-0.0511023
-0.0509633
-0.0508057
-0.050659
-0.050493
-0.0503371
-0.0501613
-0.0499946
-0.0498071
-0.0496276
-0.0494261
-0.0492313
-0.0490129
-0.0487995
-0.0485607
-0.0483245
-0.0480604
-0.0477961
-0.0475006
-0.0472011
-0.046866
-0.0465215
-0.0461356
-0.0457333
-0.0452811
-0.0448024
-0.0442621
-0.0436811
-0.043021
-0.0422991
-0.0414725
-0.0405522
-0.0394879
-0.0382809
-0.036869
-0.0352381
-0.0333076
-0.0310416
-0.0283354
-0.0251304
-0.0213093
-0.0168256
-0.0116256
-0.00581138
0.00041319
0.00660675
0.0122624
0.0168491
0.0200849
0.0218914
0.02245
0.0219839
0.0207788
0.0190274
0.016927
0.0145753
0.0120894
0.00950593
0.00689777
0.00427015
0.00167329
-0.000903635
-0.00342227
-0.00590194
-0.00831082
-0.010673
-0.0129602
-0.0151993
-0.0173644
-0.0194838
-0.0215333
-0.0235425
-0.0254885
-0.0274024
-0.0292627
-0.0311017
-0.0328996
-0.0346898
-0.0364537
-0.0382254
-0.0399867
-0.0417715
-0.0435603
-0.0453839
-0.0472185
-0.0490883
-0.0509605
-0.0528479
-0.0547047
-0.0565306
-0.0582687
-0.0599129
-0.0614085
-0.0627593
-0.0639283
-0.0649402
-0.0657783
-0.066483
-0.0670473
-0.0675152
-0.0678793
-0.0681805
-0.0684066
-0.0685939
-0.0687262
-0.0688359
-0.0689038
-0.0689597
-0.0689826
-0.0690007
-0.0689916
-0.0689826
-0.0689505
-0.0689217
-0.0688727
-0.0688294
-0.0687679
-0.0687138
-0.068643
-0.0685806
-0.0685027
-0.0684342
-0.0683508
-0.0682774
-0.0681899
-0.0681127
-0.0680218
-0.0679415
-0.0678479
-0.0677652
-0.0676694
-0.0675847
-0.0674871
-0.0674006
-0.0673015
-0.0672136
-0.0671131
-0.067024
-0.0669224
-0.0668321
-0.0667295
-0.0666383
-0.0665348
-0.0664427
-0.0663385
-0.0662456
-0.0661407
-0.0660471
-0.0659415
-0.0658473
-0.0657412
-0.0656464
-0.0655397
-0.0654445
-0.0653374
-0.0652416
-0.0651341
-0.065038
-0.0649301
-0.0648336
-0.0647254
-0.0646286
-0.0645202
-0.0644231
-0.0643144
-0.0642171
-0.0641082
-0.0640107
-0.0639017
-0.063804
-0.063695
-0.0635971
-0.063488
-0.0633901
-0.0632809
-0.063183
-0.0630738
-0.0629758
-0.0628667
-0.0627687
-0.0626597
-0.0625617
-0.0624528
-0.0623549
-0.0622461
-0.0621483
-0.0620396
-0.061942
-0.0618335
-0.061736
-0.0616277
-0.0615304
-0.0614223
-0.0613252
-0.0612173
-0.0611204
-0.0610128
-0.0609161
-0.0608087
-0.0607123
-0.0606052
-0.060509
-0.0604023
-0.0603063
-0.0601999
-0.0601042
-0.059998
-0.0599026
-0.0597968
-0.0597017
-0.0595961
-0.0595013
-0.0593961
-0.0593015
-0.0591966
-0.0591023
-0.0589977
-0.0589036
-0.0587993
-0.0587056
-0.0586015
-0.058508
-0.0584042
-0.0583109
-0.0582074
-0.0581143
-0.058011
-0.0579181
-0.057815
-0.0577223
-0.0576194
-0.0575269
-0.0574241
-0.0573317
-0.0572291
-0.0571367
-0.0570341
-0.0569418
-0.0568393
-0.056747
-0.0566445
-0.0565522
-0.0564497
-0.0563572
-0.0562546
-0.056162
-0.0560593
-0.0559664
-0.0558635
-0.0557704
-0.0556672
-0.0555737
-0.0554702
-0.0553763
-0.0552723
-0.055178
-0.0550735
-0.0549785
-0.0548734
-0.0547777
-0.0546719
-0.0545754
-0.0544687
-0.0543712
-0.0542635
-0.054165
-0.0540562
-0.0539564
-0.0538463
-0.0537451
-0.0536335
-0.0535307
-0.0534174
-0.0533127
-0.0531975
-0.0530907
-0.0529733
-0.0528641
-0.0527441
-0.0526322
-0.0525094
-0.0523944
-0.0522682
-0.0521496
-0.0520197
-0.0518971
-0.0517628
-0.0516355
-0.0514962
-0.0513634
-0.0512184
-0.0510794
-0.0509276
-0.0507813
-0.0506216
-0.0504668
-0.0502979
-0.050133
-0.0499531
-0.0497763
-0.0495835
-0.0493924
-0.0491839
-0.0489756
-0.0487483
-0.048519
-0.0482684
-0.0480134
-0.0477341
-0.0474469
-0.0471315
-0.0468037
-0.0464424
-0.0460624
-0.0456416
-0.0451935
-0.0446943
-0.0441553
-0.0435505
-0.0428879
-0.0421376
-0.0413026
-0.0403468
-0.0392651
-0.0380115
-0.0365683
-0.0348736
-0.0328904
-0.0305345
-0.0277447
-0.0244154
-0.0204758
-0.0158405
-0.0105165
-0.00458767
0.00166053
0.00779962
0.0132697
0.0176121
0.0205507
0.0221
0.0224247
0.0218
0.0204617
0.0186371
0.0164695
0.0140932
0.0115751
0.00899193
0.00636931
0.00375456
0.00115224
-0.00140553
-0.0039252
-0.0063828
-0.0087908
-0.0111298
-0.0134157
-0.0156317
-0.0177957
-0.0198928
-0.0219422
-0.0239303
-0.0258778
-0.0277724
-0.0296362
-0.0314583
-0.0332621
-0.0350383
-0.0368112
-0.0385721
-0.0403457
-0.0421227
-0.043926
-0.0457437
-0.0475936
-0.0494566
-0.0513412
-0.0532164
-0.0550773
-0.0568803
-0.0586102
-0.060219
-0.061695
-0.0630022
-0.0641474
-0.0651159
-0.0659338
-0.0666012
-0.0671526
-0.0675907
-0.0679488
-0.0682262
-0.0684516
-0.0686195
-0.0687545
-0.0688477
-0.0689206
-0.0689619
-0.0689913
-0.0689961
-0.0689946
-0.0689731
-0.0689492
-0.0689087
-0.0688684
-0.0688137
-0.0687613
-0.0686962
-0.0686346
-0.0685616
-0.0684931
-0.068414
-0.0683401
-0.0682564
-0.0681784
-0.0680909
-0.0680096
-0.0679192
-0.0678352
-0.0677425
-0.0676563
-0.0675616
-0.0674736
-0.0673772
-0.0672877
-0.0671899
-0.0670991
-0.0670001
-0.0669081
-0.066808
-0.066715
-0.066614
-0.0665201
-0.0664183
-0.0663236
-0.0662211
-0.0661256
-0.0660224
-0.0659264
-0.0658226
-0.0657259
-0.0656215
-0.0655243
-0.0654195
-0.0653219
-0.0652166
-0.0651185
-0.0650129
-0.0649144
-0.0648085
-0.0647097
-0.0646034
-0.0645043
-0.0643979
-0.0642985
-0.0641918
-0.0640923
-0.0639854
-0.0638857
-0.0637788
-0.0636789
-0.0635719
-0.0634719
-0.0633648
-0.0632649
-0.0631577
-0.0630577
-0.0629506
-0.0628506
-0.0627435
-0.0626436
-0.0625366
-0.0624367
-0.0623298
-0.06223
-0.0621232
-0.0620236
-0.061917
-0.0618174
-0.061711
-0.0616117
-0.0615054
-0.0614063
-0.0613003
-0.0612013
-0.0610956
-0.0609968
-0.0608913
-0.0607928
-0.0606876
-0.0605894
-0.0604844
-0.0603864
-0.0602818
-0.0601841
-0.0600797
-0.0599823
-0.0598782
-0.0597811
-0.0596773
-0.0595805
-0.059477
-0.0593805
-0.0592773
-0.059181
-0.0590782
-0.0589822
-0.0588796
-0.0587838
-0.0586816
-0.0585861
-0.058484
-0.0583888
-0.058287
-0.058192
-0.0580905
-0.0579957
-0.0578944
-0.0577997
-0.0576986
-0.0576042
-0.0575032
-0.0574089
-0.057308
-0.0572138
-0.0571131
-0.0570189
-0.0569182
-0.0568241
-0.0567234
-0.0566293
-0.0565286
-0.0564344
-0.0563336
-0.0562393
-0.0561384
-0.0560439
-0.0559428
-0.055848
-0.0557467
-0.0556517
-0.05555
-0.0554546
-0.0553525
-0.0552566
-0.0551541
-0.0550576
-0.0549545
-0.0548574
-0.0547536
-0.0546557
-0.0545511
-0.0544523
-0.0543468
-0.054247
-0.0541403
-0.0540394
-0.0539315
-0.0538292
-0.0537199
-0.0536161
-0.0535052
-0.0533996
-0.0532868
-0.0531792
-0.0530644
-0.0529546
-0.0528373
-0.0527249
-0.0526049
-0.0524895
-0.0523664
-0.0522476
-0.0521209
-0.0519983
-0.0518675
-0.0517405
-0.051605
-0.0514728
-0.0513318
-0.0511938
-0.0510465
-0.0509016
-0.0507469
-0.050594
-0.0504306
-0.0502683
-0.0500947
-0.0499213
-0.0497356
-0.0495489
-0.0493486
-0.049146
-0.0489283
-0.0487063
-0.0484672
-0.0482215
-0.0479561
-0.0476811
-0.0473828
-0.0470708
-0.0467309
-0.0463718
-0.0459783
-0.0455581
-0.0450947
-0.0445937
-0.0440368
-0.0434269
-0.0427423
-0.0419819
-0.0411188
-0.0401454
-0.0390264
-0.0377436
-0.0362486
-0.0345066
-0.0324493
-0.030019
-0.0271233
-0.0236846
-0.0196051
-0.014836
-0.00937324
-0.00335879
0.00291361
0.00895768
0.014241
0.0183103
0.0209701
0.0222514
0.0223708
0.0215793
0.0201342
0.0182246
0.0160126
0.0135969
0.011067
0.00846765
0.00584983
0.00323075
0.000641588
-0.0019146
-0.00441707
-0.00687035
-0.00925947
-0.0115932
-0.0138598
-0.0160706
-0.0182159
-0.0203085
-0.0223401
-0.024325
-0.0262563
-0.0281496
-0.0299993
-0.0318225
-0.0336151
-0.0353952
-0.0371598
-0.0389277
-0.0406963
-0.0424833
-0.0442841
-0.0461134
-0.0479611
-0.0498343
-0.0517131
-0.0535924
-0.0554389
-0.057235
-0.0589382
-0.0605277
-0.0619662
-0.0632466
-0.0643511
-0.0652936
-0.0660752
-0.0667229
-0.0672452
-0.0676711
-0.068007
-0.0682781
-0.0684862
-0.0686519
-0.0687731
-0.0688668
-0.0689281
-0.0689717
-0.0689911
-0.0689993
-0.0689887
-0.0689716
-0.0689393
-0.0689036
-0.0688555
-0.0688061
-0.0687462
-0.0686866
-0.0686179
-0.0685506
-0.0684751
-0.0684019
-0.0683212
-0.0682434
-0.0681586
-0.0680772
-0.0679893
-0.067905
-0.0678144
-0.0677278
-0.0676351
-0.0675465
-0.067452
-0.0673618
-0.0672659
-0.0671742
-0.067077
-0.0669841
-0.0668858
-0.0667919
-0.0666926
-0.0665977
-0.0664975
-0.0664018
-0.0663009
-0.0662044
-0.0661028
-0.0660056
-0.0659033
-0.0658056
-0.0657028
-0.0656045
-0.0655011
-0.0654024
-0.0652986
-0.0651994
-0.0650952
-0.0649956
-0.064891
-0.0647911
-0.0646862
-0.064586
-0.0644808
-0.0643803
-0.064275
-0.0641743
-0.0640687
-0.0639678
-0.0638622
-0.0637611
-0.0636553
-0.0635542
-0.0634483
-0.0633471
-0.0632412
-0.06314
-0.0630341
-0.0629329
-0.062827
-0.0627258
-0.06262
-0.0625189
-0.0624131
-0.0623121
-0.0622065
-0.0621056
-0.0620001
-0.0618993
-0.061794
-0.0616934
-0.0615883
-0.0614878
-0.0613829
-0.0612827
-0.061178
-0.061078
-0.0609736
-0.0608738
-0.0607697
-0.0606702
-0.0605663
-0.060467
-0.0603634
-0.0602644
-0.0601611
-0.0600624
-0.0599594
-0.059861
-0.0597582
-0.0596601
-0.0595577
-0.0594599
-0.0593577
-0.0592602
-0.0591584
-0.0590611
-0.0589596
-0.0588626
-0.0587613
-0.0586646
-0.0585636
-0.0584671
-0.0583664
-0.0582702
-0.0581697
-0.0580737
-0.0579734
-0.0578776
-0.0577775
-0.0576818
-0.0575819
-0.0574864
-0.0573867
-0.0572913
-0.0571916
-0.0570963
-0.0569968
-0.0569015
-0.0568019
-0.0567067
-0.0566071
-0.0565118
-0.0564122
-0.0563168
-0.0562171
-0.0561216
-0.0560217
-0.0559259
-0.0558258
-0.0557298
-0.0556294
-0.055533
-0.0554322
-0.0553354
-0.0552342
-0.0551369
-0.0550351
-0.0549372
-0.0548347
-0.0547361
-0.0546329
-0.0545334
-0.0544293
-0.0543289
-0.0542238
-0.0541222
-0.0540159
-0.0539131
-0.0538055
-0.0537012
-0.0535921
-0.0534861
-0.0533752
-0.0532674
-0.0531545
-0.0530445
-0.0529293
-0.0528169
-0.0526991
-0.0525839
-0.0524632
-0.0523448
-0.0522206
-0.0520986
-0.0519705
-0.0518443
-0.0517118
-0.0515808
-0.0514431
-0.0513065
-0.0511628
-0.0510198
-0.0508692
-0.0507186
-0.0505599
-0.0504005
-0.0502322
-0.0500625
-0.0498829
-0.0497008
-0.0495077
-0.0493108
-0.0491015
-0.0488867
-0.0486577
-0.0484211
-0.0481679
-0.0479044
-0.0476212
-0.047324
-0.047003
-0.0466632
-0.0462939
-0.0458991
-0.0454671
-0.0450003
-0.0444851
-0.043922
-0.0432944
-0.0425995
-0.0418163
-0.0409365
-0.0399325
-0.0387871
-0.0374616
-0.0359249
-0.0341214
-0.0319992
-0.0294793
-0.0264863
-0.0229226
-0.0187126
-0.0137981
-0.00821344
-0.00211362
0.00415189
0.0100906
0.0151574
0.0189572
0.0213283
0.0223619
0.0222751
0.0213384
0.0197828
0.0178059
0.0155422
0.0131018
0.0105506
0.00794839
0.00532484
0.00271385
0.000126788
-0.00241586
-0.00491243
-0.0073497
-0.00973138
-0.0120483
-0.0143072
-0.0165014
-0.0186394
-0.0207161
-0.0227416
-0.024712
-0.0266388
-0.0285195
-0.0303668
-0.0321799
-0.0339727
-0.0357457
-0.0375139
-0.0392779
-0.041053
-0.0428388
-0.0446485
-0.0464781
-0.0483348
-0.0502068
-0.0520906
-0.0539621
-0.0558044
-0.0575812
-0.0592674
-0.0608252
-0.0622367
-0.0634789
-0.0645538
-0.0654598
-0.0662165
-0.0668344
-0.0673393
-0.0677427
-0.0680679
-0.0683222
-0.0685244
-0.0686773
-0.0687958
-0.0688794
-0.0689401
-0.0689754
-0.0689956
-0.0689966
-0.0689878
-0.0689643
-0.0689345
-0.068893
-0.0688478
-0.068793
-0.0687363
-0.0686716
-0.0686063
-0.0685341
-0.0684623
-0.0683844
-0.0683074
-0.068225
-0.0681441
-0.0680582
-0.0679742
-0.0678854
-0.0677988
-0.0677078
-0.0676191
-0.0675261
-0.0674357
-0.0673411
-0.0672492
-0.0671533
-0.0670601
-0.066963
-0.0668687
-0.0667706
-0.0666752
-0.0665762
-0.06648
-0.0663802
-0.0662832
-0.0661826
-0.066085
-0.0659837
-0.0658854
-0.0657836
-0.0656847
-0.0655824
-0.065483
-0.0653802
-0.0652803
-0.0651771
-0.0650769
-0.0649732
-0.0648726
-0.0647687
-0.0646678
-0.0645635
-0.0644623
-0.0643578
-0.0642564
-0.0641517
-0.0640501
-0.0639453
-0.0638435
-0.0637385
-0.0636367
-0.0635316
-0.0634297
-0.0633245
-0.0632226
-0.0631174
-0.0630154
-0.0629103
-0.0628083
-0.0627032
-0.0626013
-0.0624963
-0.0623945
-0.0622896
-0.0621878
-0.0620831
-0.0619815
-0.0618768
-0.0617754
-0.061671
-0.0615697
-0.0614655
-0.0613644
-0.0612604
-0.0611595
-0.0610558
-0.0609552
-0.0608516
-0.0607513
-0.060648
-0.0605479
-0.0604449
-0.0603451
-0.0602424
-0.0601428
-0.0600404
-0.0599412
-0.0598391
-0.0597401
-0.0596383
-0.0595396
-0.0594381
-0.0593397
-0.0592385
-0.0591404
-0.0590394
-0.0589416
-0.058841
-0.0587434
-0.0586431
-0.0585458
-0.0584457
-0.0583486
-0.0582487
-0.0581519
-0.0580523
-0.0579557
-0.0578562
-0.0577598
-0.0576605
-0.0575643
-0.0574652
-0.057369
-0.05727
-0.057174
-0.0570751
-0.0569791
-0.0568803
-0.0567843
-0.0566855
-0.0565895
-0.0564906
-0.0563946
-0.0562956
-0.0561994
-0.0561003
-0.056004
-0.0559046
-0.055808
-0.0557084
-0.0556115
-0.0555116
-0.0554143
-0.0553139
-0.0552161
-0.0551153
-0.0550169
-0.0549154
-0.0548164
-0.0547142
-0.0546144
-0.0545114
-0.0544107
-0.0543066
-0.0542049
-0.0540998
-0.0539968
-0.0538904
-0.0537861
-0.0536782
-0.0535723
-0.0534628
-0.0533551
-0.0532437
-0.053134
-0.0530204
-0.0529083
-0.0527923
-0.0526776
-0.0525587
-0.052441
-0.0523189
-0.0521977
-0.0520719
-0.0519468
-0.0518168
-0.0516871
-0.0515522
-0.0514173
-0.0512768
-0.0511358
-0.0509888
-0.0508407
-0.0506861
-0.0505298
-0.0503661
-0.0502001
-0.0500259
-0.0498484
-0.0496616
-0.0494703
-0.0492685
-0.0490607
-0.0488407
-0.0486127
-0.0483705
-0.0481178
-0.047848
-0.0475647
-0.0472605
-0.0469384
-0.0465905
-0.0462189
-0.0458146
-0.0453785
-0.0449001
-0.0443785
-0.0438008
-0.0431632
-0.0424493
-0.0416507
-0.0407455
-0.0397178
-0.0385368
-0.037175
-0.0355869
-0.0337273
-0.0315296
-0.0289247
-0.0258227
-0.0221387
-0.0177882
-0.0127369
-0.00702879
-0.000865109
0.00538109
0.0111846
0.0160263
0.0195427
0.0216368
0.0224242
0.0221495
0.0210694
0.0194186
0.0173722
0.0150685
0.0125986
0.010036
0.00742459
0.00480409
0.00219421
-0.000382543
-0.00291897
-0.00540176
-0.00783051
-0.010197
-0.0125047
-0.0147483
-0.0169335
-0.0190568
-0.0211254
-0.0231373
-0.025101
-0.0270159
-0.0288918
-0.0307295
-0.0325403
-0.0343263
-0.0360999
-0.0378642
-0.0396322
-0.0414066
-0.0431991
-0.0450103
-0.0468476
-0.0487055
-0.0505831
-0.0524638
-0.0543339
-0.0561634
-0.057927
-0.0595877
-0.0611204
-0.0624968
-0.0637079
-0.0647462
-0.0656234
-0.0663488
-0.0669449
-0.0674259
-0.0678146
-0.0681224
-0.0683677
-0.0685572
-0.0687049
-0.0688137
-0.0688946
-0.0689477
-0.0689819
-0.0689958
-0.068997
-0.0689829
-0.0689602
-0.0689257
-0.0688856
-0.0688362
-0.0687832
-0.0687227
-0.06866
-0.0685911
-0.0685211
-0.0684459
-0.0683703
-0.0682901
-0.0682101
-0.068126
-0.0680426
-0.0679555
-0.0678693
-0.0677797
-0.0676912
-0.0675995
-0.0675092
-0.0674158
-0.0673239
-0.0672291
-0.0671358
-0.0670397
-0.0669453
-0.0668481
-0.0667526
-0.0666545
-0.0665581
-0.0664591
-0.0663619
-0.0662621
-0.0661642
-0.0660638
-0.0659652
-0.0658641
-0.065765
-0.0656633
-0.0655636
-0.0654615
-0.0653613
-0.0652587
-0.0651582
-0.0650552
-0.0649542
-0.0648509
-0.0647496
-0.0646459
-0.0645444
-0.0644405
-0.0643386
-0.0642345
-0.0641325
-0.0640282
-0.063926
-0.0638216
-0.0637193
-0.0636147
-0.0635123
-0.0634077
-0.0633052
-0.0632006
-0.0630981
-0.0629934
-0.062891
-0.0627864
-0.0626839
-0.0625794
-0.062477
-0.0623725
-0.0622703
-0.0621659
-0.0620638
-0.0619596
-0.0618576
-0.0617536
-0.0616518
-0.0615479
-0.0614463
-0.0613427
-0.0612413
-0.0611379
-0.0610367
-0.0609335
-0.0608326
-0.0607297
-0.060629
-0.0605264
-0.060426
-0.0603236
-0.0602235
-0.0601214
-0.0600216
-0.0599198
-0.0598203
-0.0597188
-0.0596196
-0.0595184
-0.0594194
-0.0593185
-0.0592199
-0.0591193
-0.0590209
-0.0589206
-0.0588225
-0.0587225
-0.0586246
-0.0585248
-0.0584272
-0.0583277
-0.0582304
-0.0581311
-0.058034
-0.0579349
-0.0578379
-0.0577391
-0.0576423
-0.0575436
-0.0574469
-0.0573484
-0.0572518
-0.0571534
-0.0570569
-0.0569585
-0.0568621
-0.0567637
-0.0566673
-0.0565689
-0.0564724
-0.0563739
-0.0562774
-0.0561788
-0.056082
-0.0559832
-0.0558863
-0.0557873
-0.0556901
-0.0555907
-0.0554931
-0.0553934
-0.0552954
-0.0551951
-0.0550966
-0.0549958
-0.0548966
-0.0547952
-0.0546953
-0.054593
-0.0544922
-0.0543891
-0.0542873
-0.0541831
-0.0540802
-0.0539748
-0.0538706
-0.0537637
-0.0536581
-0.0535497
-0.0534423
-0.0533321
-0.0532228
-0.0531105
-0.052999
-0.0528844
-0.0527704
-0.0526531
-0.0525362
-0.0524159
-0.0522958
-0.0521719
-0.052048
-0.0519202
-0.051792
-0.0516596
-0.0515264
-0.0513887
-0.0512498
-0.0511059
-0.0509604
-0.0508094
-0.0506561
-0.0504967
-0.0503343
-0.050165
-0.0499919
-0.0498108
-0.0496249
-0.0494299
-0.0492287
-0.0490168
-0.048797
-0.0485645
-0.048322
-0.0480644
-0.0477937
-0.0475047
-0.0471988
-0.0468701
-0.0465194
-0.0461399
-0.0457314
-0.0452856
-0.0448008
-0.044267
-0.0436798
-0.0430263
-0.0422984
-0.0414783
-0.0405521
-0.0394945
-0.0382819
-0.0368768
-0.0352406
-0.0333173
-0.0310463
-0.0283477
-0.0251385
-0.0213255
-0.016838
-0.0116463
-0.00582777
0.000389972
0.0065904
0.0122426
0.0168393
0.0200736
0.0218904
0.0224467
0.0219894
0.0207804
0.0190363
0.0169309
0.0145857
0.0120942
0.00951692
0.0069029
0.00428118
0.00167833
-0.000892826
-0.0034175
-0.00589147
-0.0083064
-0.0106629
-0.0129562
-0.0151897
-0.0173607
-0.0194745
-0.0215299
-0.0235335
-0.0254855
-0.0273937
-0.0292599
-0.0310933
-0.032897
-0.0346815
-0.0364511
-0.0382171
-0.0399841
-0.0417632
-0.0435576
-0.0453754
-0.0472156
-0.0490797
-0.0509575
-0.0528393
-0.0547018
-0.0565222
-0.0582663
-0.0599052
-0.0614068
-0.0627526
-0.0639276
-0.0649345
-0.0657786
-0.0664783
-0.0670484
-0.0675112
-0.067881
-0.0681769
-0.0684087
-0.0685906
-0.0687285
-0.0688329
-0.0689063
-0.0689568
-0.0689852
-0.0689979
-0.0689944
-0.0689799
-0.0689532
-0.0689191
-0.0688755
-0.0688268
-0.0687708
-0.0687113
-0.0686458
-0.0685782
-0.0685056
-0.0684317
-0.0683537
-0.068275
-0.0681928
-0.0681103
-0.0680246
-0.0679392
-0.0678508
-0.0677629
-0.0676723
-0.0675824
-0.0674899
-0.0673983
-0.0673044
-0.0672113
-0.067116
-0.0670217
-0.0669252
-0.0668298
-0.0667324
-0.066636
-0.0665377
-0.0664405
-0.0663413
-0.0662434
-0.0661435
-0.0660449
-0.0659443
-0.0658451
-0.065744
-0.0656442
-0.0655426
-0.0654422
-0.0653402
-0.0652394
-0.0651369
-0.0650358
-0.0649329
-0.0648314
-0.0647282
-0.0646264
-0.064523
-0.0644209
-0.0643172
-0.0642149
-0.064111
-0.0640085
-0.0639045
-0.0638019
-0.0636977
-0.063595
-0.0634907
-0.063388
-0.0632837
-0.0631808
-0.0630765
-0.0629737
-0.0628694
-0.0627666
-0.0626624
-0.0625597
-0.0624555
-0.0623528
-0.0622488
-0.0621463
-0.0620423
-0.0619399
-0.0618362
-0.061734
-0.0616304
-0.0615283
-0.0614249
-0.0613231
-0.0612199
-0.0611184
-0.0610154
-0.0609141
-0.0608114
-0.0607103
-0.0606079
-0.060507
-0.0604049
-0.0603043
-0.0602025
-0.0601022
-0.0600006
-0.0599006
-0.0597994
-0.0596997
-0.0595987
-0.0594993
-0.0593986
-0.0592995
-0.0591991
-0.0591003
-0.0590002
-0.0589017
-0.0588019
-0.0587036
-0.058604
-0.058506
-0.0584067
-0.058309
-0.0582099
-0.0581124
-0.0580135
-0.0579162
-0.0578176
-0.0577204
-0.0576219
-0.057525
-0.0574266
-0.0573298
-0.0572315
-0.0571348
-0.0570366
-0.0569399
-0.0568418
-0.0567451
-0.056647
-0.0565503
-0.0564521
-0.0563553
-0.0562571
-0.0561601
-0.0560617
-0.0559646
-0.0558659
-0.0557685
-0.0556696
-0.0555719
-0.0554726
-0.0553745
-0.0552748
-0.0551762
-0.0550759
-0.0549767
-0.0548758
-0.0547759
-0.0546743
-0.0545736
-0.0544711
-0.0543694
-0.0542659
-0.0541632
-0.0540586
-0.0539547
-0.0538487
-0.0537434
-0.0536359
-0.053529
-0.0534198
-0.053311
-0.0531999
-0.053089
-0.0529757
-0.0528624
-0.0527465
-0.0526305
-0.0525118
-0.0523927
-0.0522706
-0.052148
-0.0520221
-0.0518954
-0.0517652
-0.0516339
-0.0514986
-0.0513619
-0.0512208
-0.0510778
-0.05093
-0.0507797
-0.0506241
-0.0504653
-0.0503004
-0.0501315
-0.0499557
-0.0497749
-0.0495861
-0.049391
-0.0491866
-0.0489743
-0.0487509
-0.0485178
-0.0482712
-0.0480122
-0.0477369
-0.0474459
-0.0471345
-0.0468028
-0.0464455
-0.0460617
-0.0456449
-0.045193
-0.0446978
-0.0441552
-0.0435544
-0.0428882
-0.042142
-0.0413035
-0.0403518
-0.0392668
-0.0380176
-0.0365713
-0.0348812
-0.0328952
-0.0305444
-0.0277523
-0.0244285
-0.0204872
-0.0158579
-0.0105323
-0.00460872
0.0016428
0.00777935
0.013256
0.0175988
0.0205456
0.0220953
0.0224272
0.0218013
0.0204685
0.0186415
0.0164785
0.0140991
0.0115849
0.00899822
0.00637929
0.00376087
0.00116209
-0.00139944
-0.00391564
-0.00637704
-0.00878161
-0.0111244
-0.0134069
-0.0156267
-0.0177873
-0.0198881
-0.0219341
-0.023926
-0.02587
-0.0277684
-0.0296286
-0.0314545
-0.0332548
-0.0350346
-0.0368039
-0.0385684
-0.0403384
-0.0421189
-0.0439187
-0.0457397
-0.047586
-0.0494526
-0.0513336
-0.0532123
-0.0550699
-0.0568765
-0.0586033
-0.0602159
-0.0616889
-0.0630001
-0.0641424
-0.0651148
-0.0659298
-0.066601
-0.0671493
-0.0675911
-0.0679461
-0.0682272
-0.0684493
-0.0686207
-0.0687525
-0.0688491
-0.0689187
-0.0689635
-0.0689896
-0.0689978
-0.0689929
-0.0689749
-0.0689476
-0.0689105
-0.0688668
-0.0688156
-0.0687598
-0.068698
-0.0686331
-0.0685634
-0.0684916
-0.0684159
-0.0683387
-0.0682583
-0.068177
-0.0680928
-0.0680082
-0.0679211
-0.0678339
-0.0677444
-0.067655
-0.0675635
-0.0674723
-0.0673791
-0.0672864
-0.0671918
-0.0670977
-0.067002
-0.0669068
-0.0668099
-0.0667137
-0.0666159
-0.0665188
-0.0664202
-0.0663223
-0.066223
-0.0661244
-0.0660243
-0.0659251
-0.0658244
-0.0657246
-0.0656234
-0.0655231
-0.0654214
-0.0653206
-0.0652185
-0.0651173
-0.0650148
-0.0649132
-0.0648103
-0.0647084
-0.0646053
-0.0645031
-0.0643997
-0.0642973
-0.0641937
-0.0640911
-0.0639873
-0.0638845
-0.0637806
-0.0636777
-0.0635737
-0.0634707
-0.0633667
-0.0632636
-0.0631596
-0.0630565
-0.0629524
-0.0628494
-0.0627454
-0.0626424
-0.0625384
-0.0624355
-0.0623316
-0.0622288
-0.062125
-0.0620224
-0.0619188
-0.0618163
-0.0617128
-0.0616105
-0.0615072
-0.0614051
-0.0613021
-0.0612002
-0.0610973
-0.0609957
-0.0608931
-0.0607917
-0.0606894
-0.0605882
-0.0604862
-0.0603853
-0.0602835
-0.0601829
-0.0600815
-0.0599812
-0.05988
-0.05978
-0.0596791
-0.0595793
-0.0594788
-0.0593793
-0.059279
-0.0591799
-0.0590799
-0.058981
-0.0588813
-0.0587827
-0.0586833
-0.058585
-0.0584858
-0.0583877
-0.0582888
-0.0581909
-0.0580922
-0.0579946
-0.0578961
-0.0577986
-0.0577003
-0.0576031
-0.0575049
-0.0574078
-0.0573097
-0.0572127
-0.0571147
-0.0570178
-0.0569199
-0.056823
-0.0567251
-0.0566282
-0.0565303
-0.0564333
-0.0563353
-0.0562382
-0.0561401
-0.0560428
-0.0559445
-0.055847
-0.0557484
-0.0556506
-0.0555517
-0.0554535
-0.0553542
-0.0552556
-0.0551557
-0.0550566
-0.0549562
-0.0548564
-0.0547552
-0.0546547
-0.0545527
-0.0544513
-0.0543484
-0.054246
-0.054142
-0.0540384
-0.0539332
-0.0538282
-0.0537216
-0.0536151
-0.0535068
-0.0533986
-0.0532885
-0.0531783
-0.0530661
-0.0529536
-0.052839
-0.0527239
-0.0526066
-0.0524886
-0.0523681
-0.0522467
-0.0521226
-0.0519975
-0.0518692
-0.0517396
-0.0516067
-0.051472
-0.0513336
-0.051193
-0.0510482
-0.0509008
-0.0507486
-0.0505932
-0.0504324
-0.0502676
-0.0500965
-0.0499206
-0.0497374
-0.0495482
-0.0493505
-0.0491454
-0.0489302
-0.0487058
-0.0484692
-0.0482211
-0.0479582
-0.0476807
-0.0473849
-0.0470705
-0.0467332
-0.0463717
-0.0459808
-0.0455583
-0.0450974
-0.0445942
-0.0440398
-0.0434277
-0.0427457
-0.0419832
-0.0411229
-0.0401474
-0.0390313
-0.0377467
-0.0362548
-0.0345113
-0.0324574
-0.030026
-0.0271343
-0.023695
-0.01962
-0.0148508
-0.00939241
-0.00337693
0.00289296
0.00894095
0.0142251
0.018301
0.0209628
0.0222505
0.0223708
0.0215841
0.0201383
0.0182322
0.0160187
0.0136058
0.0110738
0.00847696
0.00585683
0.00324004
0.000648439
-0.00190556
-0.00441051
-0.00686166
-0.00925327
-0.0115849
-0.013854
-0.0160627
-0.0182105
-0.0203009
-0.022335
-0.0243178
-0.0262515
-0.0281426
-0.0299947
-0.0318157
-0.0336107
-0.0353885
-0.0371554
-0.0389211
-0.0406919
-0.0424766
-0.0442796
-0.0461065
-0.0479564
-0.0498273
-0.0517083
-0.0535854
-0.0554344
-0.0572285
-0.0589342
-0.0605218
-0.0619631
-0.0632418
-0.0643491
-0.0652899
-0.0660741
-0.06672
-0.0672449
-0.0676688
-0.0680072
-0.0682762
-0.0684867
-0.0686504
-0.0687739
-0.0688655
-0.068929
-0.0689706
-0.0689921
-0.0689983
-0.0689899
-0.0689706
-0.0689405
-0.0689027
-0.0688567
-0.0688052
-0.0687475
-0.0686858
-0.0686192
-0.0685497
-0.0684764
-0.068401
-0.0683225
-0.0682426
-0.06816
-0.0680764
-0.0679906
-0.0679042
-0.0678158
-0.067727
-0.0676364
-0.0675457
-0.0674534
-0.067361
-0.0672672
-0.0671735
-0.0670783
-0.0669834
-0.0668871
-0.0667911
-0.0666939
-0.066597
-0.0664989
-0.0664011
-0.0663022
-0.0662037
-0.0661041
-0.0660049
-0.0659047
-0.0658049
-0.0657041
-0.0656038
-0.0655025
-0.0654017
-0.0652999
-0.0651987
-0.0650965
-0.0649949
-0.0648923
-0.0647904
-0.0646875
-0.0645853
-0.0644822
-0.0643797
-0.0642763
-0.0641736
-0.06407
-0.0639672
-0.0638635
-0.0637605
-0.0636566
-0.0635535
-0.0634496
-0.0633465
-0.0632426
-0.0631394
-0.0630354
-0.0629322
-0.0628283
-0.0627252
-0.0626213
-0.0625182
-0.0624144
-0.0623114
-0.0622078
-0.0621049
-0.0620014
-0.0618987
-0.0617953
-0.0616927
-0.0615896
-0.0614872
-0.0613842
-0.0612821
-0.0611793
-0.0610774
-0.0609749
-0.0608732
-0.0607709
-0.0606695
-0.0605675
-0.0604664
-0.0603647
-0.0602638
-0.0601624
-0.0600618
-0.0599606
-0.0598604
-0.0597595
-0.0596595
-0.059559
-0.0594593
-0.059359
-0.0592596
-0.0591596
-0.0590605
-0.0589608
-0.058862
-0.0587626
-0.058664
-0.0585648
-0.0584665
-0.0583676
-0.0582696
-0.0581709
-0.0580731
-0.0579746
-0.057877
-0.0577787
-0.0576812
-0.0575832
-0.0574858
-0.0573879
-0.0572907
-0.0571928
-0.0570957
-0.056998
-0.0569009
-0.0568032
-0.0567061
-0.0566083
-0.0565112
-0.0564134
-0.0563162
-0.0562183
-0.056121
-0.0560229
-0.0559254
-0.055827
-0.0557292
-0.0556306
-0.0555324
-0.0554334
-0.0553349
-0.0552354
-0.0551363
-0.0550363
-0.0549366
-0.0548359
-0.0547355
-0.0546341
-0.0545329
-0.0544305
-0.0543283
-0.054225
-0.0541217
-0.0540171
-0.0539126
-0.0538067
-0.0537007
-0.0535933
-0.0534856
-0.0533764
-0.0532669
-0.0531557
-0.053044
-0.0529305
-0.0528164
-0.0527003
-0.0525835
-0.0524644
-0.0523443
-0.0522218
-0.0520981
-0.0519718
-0.0518439
-0.051713
-0.0515803
-0.0514443
-0.0513061
-0.0511641
-0.0510194
-0.0508705
-0.0507183
-0.0505612
-0.0504002
-0.0502336
-0.0500622
-0.0498843
-0.0497005
-0.0495091
-0.0493106
-0.049103
-0.0488866
-0.0486592
-0.0484211
-0.0481695
-0.0479045
-0.0476229
-0.0473242
-0.0470048
-0.0466635
-0.0462959
-0.0458996
-0.0454693
-0.045001
-0.0444876
-0.043923
-0.0432973
-0.0426009
-0.0418197
-0.0409386
-0.0399366
-0.0387901
-0.0374668
-0.0359293
-0.0341282
-0.0320056
-0.0294887
-0.0264956
-0.0229355
-0.018726
-0.0138152
-0.00823096
-0.00213388
0.00413339
0.0100724
0.0151442
0.0189468
0.0213239
0.0223598
0.0222776
0.0213417
0.0197892
0.0178118
0.0155503
0.0131088
0.0105594
0.00795577
0.00533377
0.00272118
0.000135543
-0.00240878
-0.00490399
-0.00734297
-0.00972331
-0.0120419
-0.0142995
-0.0164954
-0.0186321
-0.0207105
-0.0227346
-0.0247067
-0.0266321
-0.0285144
-0.0303604
-0.032175
-0.0339665
-0.035741
-0.0375076
-0.0392732
-0.0410467
-0.042834
-0.0446421
-0.0464731
-0.0483283
-0.0502017
-0.0520841
-0.0539571
-0.055798
-0.0575765
-0.0592616
-0.0608213
-0.0622318
-0.063476
-0.06455
-0.0654579
-0.0662136
-0.0668334
-0.0673372
-0.0677423
-0.0680662
-0.0683222
-0.0685231
-0.0686777
-0.0687948
-0.0688799
-0.0689393
-0.068976
-0.0689948
-0.0689973
-0.0689872
-0.0689651
-0.0689339
-0.0688938
-0.0688472
-0.0687939
-0.0687358
-0.0686725
-0.0686058
-0.0685351
-0.0684618
-0.0683853
-0.068307
-0.068226
-0.0681437
-0.0680592
-0.0679737
-0.0678864
-0.0677984
-0.0677088
-0.0676187
-0.0675271
-0.0674353
-0.0673421
-0.0672488
-0.0671543
-0.0670597
-0.066964
-0.0668683
-0.0667715
-0.0666749
-0.0665772
-0.0664796
-0.0663812
-0.0662828
-0.0661836
-0.0660846
-0.0659847
-0.0658851
-0.0657846
-0.0656844
-0.0655834
-0.0654826
-0.0653812
-0.06528
-0.0651781
-0.0650765
-0.0649742
-0.0648723
-0.0647696
-0.0646674
-0.0645645
-0.064462
-0.0643588
-0.0642561
-0.0641527
-0.0640498
-0.0639462
-0.0638432
-0.0637395
-0.0636363
-0.0635326
-0.0634293
-0.0633255
-0.0632222
-0.0631184
-0.0630151
-0.0629113
-0.062808
-0.0627042
-0.062601
-0.0624973
-0.0623941
-0.0622905
-0.0621875
-0.062084
-0.0619811
-0.0618778
-0.0617751
-0.0616719
-0.0615694
-0.0614664
-0.0613641
-0.0612613
-0.0611592
-0.0610567
-0.0609548
-0.0608526
-0.0607509
-0.0606489
-0.0605476
-0.0604459
-0.0603448
-0.0602433
-0.0601425
-0.0600414
-0.0599409
-0.05984
-0.0597398
-0.0596392
-0.0595393
-0.059439
-0.0593394
-0.0592394
-0.0591401
-0.0590404
-0.0589413
-0.0588419
-0.0587431
-0.058644
-0.0585455
-0.0584466
-0.0583483
-0.0582497
-0.0581516
-0.0580532
-0.0579554
-0.0578571
-0.0577595
-0.0576614
-0.057564
-0.0574661
-0.0573687
-0.0572709
-0.0571737
-0.057076
-0.0569788
-0.0568812
-0.056784
-0.0566864
-0.0565892
-0.0564915
-0.0563943
-0.0562965
-0.0561991
-0.0561012
-0.0560037
-0.0559055
-0.0558078
-0.0557093
-0.0556113
-0.0555125
-0.055414
-0.0553148
-0.0552159
-0.0551162
-0.0550166
-0.0549163
-0.0548161
-0.0547151
-0.0546141
-0.0545123
-0.0544104
-0.0543075
-0.0542046
-0.0541007
-0.0539966
-0.0538913
-0.0537858
-0.0536791
-0.0535721
-0.0534637
-0.0533549
-0.0532446
-0.0531337
-0.0530213
-0.0529081
-0.0527932
-0.0526774
-0.0525596
-0.0524408
-0.0523198
-0.0521975
-0.0520729
-0.0519467
-0.0518178
-0.051687
-0.0515532
-0.0514172
-0.0512778
-0.0511357
-0.0509898
-0.0508407
-0.0506871
-0.0505297
-0.0503672
-0.0502001
-0.050027
-0.0498484
-0.0496628
-0.0494704
-0.0492697
-0.0490608
-0.0488419
-0.0486129
-0.0483718
-0.0481181
-0.0478494
-0.047565
-0.047262
-0.0469389
-0.0465921
-0.0462195
-0.0458164
-0.0453794
-0.0449022
-0.0443796
-0.0438032
-0.0431647
-0.0424522
-0.0416528
-0.040749
-0.0397207
-0.0385412
-0.037179
-0.0355927
-0.0337331
-0.0315375
-0.0289331
-0.0258338
-0.0221507
-0.0178033
-0.0127531
-0.00704796
-0.000884149
0.0053615
0.0111683
0.0160126
0.0195345
0.0216319
0.022424
0.0221512
0.0210743
0.019424
0.0173796
0.0150755
0.012607
0.0100436
0.00743327
0.00481172
0.00220281
-0.00037509
-0.00291063
-0.00539462
-0.00782252
-0.0101903
-0.0124971
-0.0147419
-0.0169263
-0.0190508
-0.0211185
-0.0231316
-0.0250945
-0.0270105
-0.0288855
-0.0307243
-0.0325342
-0.0343212
-0.0360939
-0.0378592
-0.0396261
-0.0414015
-0.043193
-0.0450051
-0.0468414
-0.0487002
-0.0505768
-0.0524585
-0.0543276
-0.0561583
-0.0579211
-0.0595832
-0.0611154
-0.0624932
-0.0637039
-0.0647437
-0.0656204
-0.0663472
-0.0669427
-0.067425
-0.0678131
-0.068122
-0.0683665
-0.0685571
-0.068704
-0.0688139
-0.0688939
-0.068948
-0.0689813
-0.0689963
-0.0689965
-0.0689834
-0.0689598
-0.0689263
-0.0688853
-0.0688368
-0.0687829
-0.0687233
-0.0686597
-0.0685918
-0.0685209
-0.0684466
-0.06837
-0.0682908
-0.0682099
-0.0681268
-0.0680424
-0.0679562
-0.0678691
-0.0677804
-0.0676911
-0.0676003
-0.0675091
-0.0674166
-0.0673238
-0.0672298
-0.0671357
-0.0670405
-0.0669451
-0.0668489
-0.0667525
-0.0666552
-0.066558
-0.0664599
-0.0663618
-0.0662629
-0.0661641
-0.0660645
-0.065965
-0.0658649
-0.0657648
-0.0656641
-0.0655635
-0.0654623
-0.0653612
-0.0652595
-0.065158
-0.0650559
-0.0649541
-0.0648516
-0.0647495
-0.0646467
-0.0645442
-0.0644412
-0.0643385
-0.0642353
-0.0641324
-0.064029
-0.0639259
-0.0638223
-0.0637191
-0.0636155
-0.0635122
-0.0634085
-0.0633051
-0.0632013
-0.063098
-0.0629942
-0.0628908
-0.0627871
-0.0626838
-0.0625801
-0.0624769
-0.0623733
-0.0622702
-0.0621667
-0.0620637
-0.0619604
-0.0618575
-0.0617543
-0.0616516
-0.0615487
-0.0614462
-0.0613434
-0.0612411
-0.0611386
-0.0610366
-0.0609343
-0.0608325
-0.0607304
-0.0606289
-0.0605271
-0.0604259
-0.0603244
-0.0602234
-0.0601222
-0.0600215
-0.0599206
-0.0598202
-0.0597196
-0.0596194
-0.0595191
-0.0594193
-0.0593193
-0.0592198
-0.05912
-0.0590208
-0.0589213
-0.0588224
-0.0587232
-0.0586245
-0.0585256
-0.0584271
-0.0583285
-0.0582303
-0.0581318
-0.0580338
-0.0579356
-0.0578378
-0.0577398
-0.0576422
-0.0575443
-0.0574468
-0.0573491
-0.0572517
-0.0571541
-0.0570568
-0.0569592
-0.056862
-0.0567644
-0.0566672
-0.0565696
-0.0564723
-0.0563746
-0.0562773
-0.0561795
-0.0560819
-0.055984
-0.0558862
-0.055788
-0.05569
-0.0555914
-0.055493
-0.0553941
-0.0552953
-0.0551959
-0.0550965
-0.0549965
-0.0548965
-0.0547959
-0.0546952
-0.0545937
-0.0544922
-0.0543898
-0.0542872
-0.0541838
-0.0540801
-0.0539755
-0.0538705
-0.0537645
-0.053658
-0.0535504
-0.0534422
-0.0533328
-0.0532227
-0.0531113
-0.052999
-0.0528851
-0.0527704
-0.0526539
-0.0525362
-0.0524167
-0.0522957
-0.0521727
-0.052048
-0.051921
-0.051792
-0.0516604
-0.0515265
-0.0513895
-0.0512499
-0.0511068
-0.0509605
-0.0508102
-0.0506562
-0.0504975
-0.0503344
-0.0501659
-0.049992
-0.0498118
-0.0496251
-0.0494309
-0.0492289
-0.0490178
-0.0487973
-0.0485657
-0.0483224
-0.0480656
-0.0477942
-0.047506
-0.0471994
-0.0468715
-0.0465202
-0.0461415
-0.0457323
-0.0452874
-0.0448021
-0.0442691
-0.0436814
-0.0430288
-0.0423004
-0.0414814
-0.0405548
-0.0394984
-0.0382856
-0.0368819
-0.0352457
-0.0333241
-0.0310536
-0.0283572
-0.025149
-0.0213388
-0.0168527
-0.0116639
-0.00584631
0.000370026
0.00657202
0.012226
0.0168274
0.0200654
0.0218872
0.0224463
0.0219925
0.0207847
0.0190427
0.0169375
0.0145937
0.0121018
0.00952538
0.00691071
0.00428968
0.00168604
-0.000884538
-0.00341007
-0.00588351
-0.00829932
-0.0106553
-0.0129495
-0.0151824
-0.0173544
-0.0194677
-0.021524
-0.023527
-0.0254798
-0.0273875
-0.0292545
-0.0310873
-0.0328917
-0.0346756
-0.036446
-0.0382113
-0.039979
-0.0417573
-0.0435523
-0.0453694
-0.0472102
-0.0490736
-0.050952
-0.0528331
-0.0546964
-0.0565163
-0.0582613
-0.0599
-0.0614027
-0.0627483
-0.0639246
-0.0649313
-0.0657766
-0.066476
-0.0670471
-0.0675096
-0.0678803
-0.0681757
-0.0684084
-0.0685898
-0.0687285
-0.0688322
-0.0689064
-0.0689564
-0.0689855
-0.0689976
-0.0689947
-0.0689797
-0.0689537
-0.0689189
-0.068876
-0.0688267
-0.0687713
-0.0687111
-0.0686464
-0.0685781
-0.0685062
-0.0684317
-0.0683543
-0.068275
-0.0681933
-0.0681102
-0.0680252
-0.0679391
-0.0678514
-0.0677628
-0.0676729
-0.0675823
-0.0674906
-0.0673983
-0.067305
-0.0672112
-0.0671166
-0.0670217
-0.0669259
-0.0668298
-0.066733
-0.066636
-0.0665383
-0.0664405
-0.066342
-0.0662434
-0.0661441
-0.0660448
-0.065945
-0.0658451
-0.0657446
-0.0656442
-0.0655432
-0.0654423
-0.0653408
-0.0652394
-0.0651376
-0.0650358
-0.0649335
-0.0648314
-0.0647289
-0.0646264
-0.0645236
-0.0644209
-0.0643178
-0.0642149
-0.0641116
-0.0640086
-0.0639051
-0.0638019
-0.0636983
-0.063595
-0.0634914
-0.063388
-0.0632843
-0.0631809
-0.0630772
-0.0629737
-0.06287
-0.0627666
-0.062663
-0.0625597
-0.0624561
-0.0623529
-0.0622494
-0.0621463
-0.0620429
-0.06194
-0.0618368
-0.061734
-0.061631
-0.0615284
-0.0614256
-0.0613231
-0.0612206
-0.0611184
-0.061016
-0.0609141
-0.060812
-0.0607103
-0.0606085
-0.060507
-0.0604055
-0.0603043
-0.0602031
-0.0601022
-0.0600012
-0.0599007
-0.0598
-0.0596997
-0.0595993
-0.0594993
-0.0593992
-0.0592995
-0.0591997
-0.0591003
-0.0590008
-0.0589017
-0.0588025
-0.0587036
-0.0586046
-0.0585061
-0.0584073
-0.058309
-0.0582105
-0.0581124
-0.0580141
-0.0579162
-0.0578182
-0.0577204
-0.0576225
-0.057525
-0.0574272
-0.0573298
-0.0572321
-0.0571348
-0.0570372
-0.0569399
-0.0568424
-0.0567451
-0.0566476
-0.0565503
-0.0564527
-0.0563553
-0.0562576
-0.0561601
-0.0560623
-0.0559646
-0.0558665
-0.0557686
-0.0556702
-0.0555719
-0.0554732
-0.0553745
-0.0552754
-0.0551762
-0.0550765
-0.0549767
-0.0548764
-0.0547759
-0.0546749
-0.0545736
-0.0544717
-0.0543695
-0.0542665
-0.0541633
-0.0540592
-0.0539547
-0.0538493
-0.0537434
-0.0536365
-0.053529
-0.0534204
-0.0533111
-0.0532005
-0.0530891
-0.0529763
-0.0528625
-0.0527471
-0.0526306
-0.0525124
-0.0523928
-0.0522713
-0.0521481
-0.0520228
-0.0518956
-0.0517659
-0.051634
-0.0514993
-0.051362
-0.0512215
-0.051078
-0.0509308
-0.05078
-0.0506248
-0.0504655
-0.0503012
-0.0501318
-0.0499565
-0.0497752
-0.0495869
-0.0493914
-0.0491875
-0.0489748
-0.0487519
-0.0485183
-0.0482722
-0.0480128
-0.047738
-0.0474465
-0.0471357
-0.0468036
-0.0464469
-0.0460627
-0.0456465
-0.0451942
-0.0446997
-0.0441567
-0.0435566
-0.0428902
-0.0421447
-0.041306
-0.0403552
-0.0392702
-0.038022
-0.0365759
-0.0348872
-0.0329017
-0.0305526
-0.0277615
-0.02444
-0.0205003
-0.0158737
-0.0105496
-0.00462811
0.00162349
0.00776073
0.0132407
0.0175871
0.0205389
0.0220923
0.022428
0.0218043
0.0204738
0.0186476
0.0164858
0.0141065
0.0115931
0.0090061
0.0063877
0.00376876
0.00117037
-0.00139178
-0.00390765
-0.00636971
-0.00877397
-0.0111175
-0.0133997
-0.0156201
-0.0177804
-0.0198819
-0.0219276
-0.0239201
-0.0258638
-0.0277628
-0.0296227
-0.0314491
-0.033249
-0.0350293
-0.0367982
-0.0385631
-0.0403326
-0.0421136
-0.0439128
-0.0457343
-0.04758
-0.049447
-0.0513275
-0.0532067
-0.0550639
-0.0568713
-0.0585978
-0.0602113
-0.0616843
-0.0629965
-0.0641388
-0.0651123
-0.0659273
-0.0665994
-0.0671476
-0.0675901
-0.0679449
-0.0682266
-0.0684484
-0.0686205
-0.0687519
-0.0688491
-0.0689183
-0.0689636
-0.0689893
-0.068998
-0.0689927
-0.0689752
-0.0689475
-0.0689108
-0.0688668
-0.068816
-0.0687598
-0.0686984
-0.0686331
-0.0685639
-0.0684916
-0.0684163
-0.0683387
-0.0682587
-0.068177
-0.0680933
-0.0680083
-0.0679216
-0.0678339
-0.0677449
-0.067655
-0.067564
-0.0674723
-0.0673796
-0.0672864
-0.0671923
-0.0670978
-0.0670025
-0.0669068
-0.0668105
-0.0667138
-0.0666165
-0.0665189
-0.0664208
-0.0663224
-0.0662235
-0.0661245
-0.0660249
-0.0659252
-0.065825
-0.0657247
-0.065624
-0.0655232
-0.0654219
-0.0653207
-0.065219
-0.0651174
-0.0650153
-0.0649133
-0.0648109
-0.0647085
-0.0646058
-0.0645032
-0.0644003
-0.0642974
-0.0641942
-0.0640912
-0.0639878
-0.0638846
-0.0637812
-0.0636778
-0.0635743
-0.0634709
-0.0633672
-0.0632638
-0.0631601
-0.0630566
-0.062953
-0.0628495
-0.0627459
-0.0626425
-0.0625389
-0.0624356
-0.0623321
-0.0622289
-0.0621256
-0.0620225
-0.0619193
-0.0618164
-0.0617133
-0.0616106
-0.0615078
-0.0614052
-0.0613026
-0.0612003
-0.0610979
-0.0609958
-0.0608936
-0.0607918
-0.0606899
-0.0605883
-0.0604867
-0.0603854
-0.0602841
-0.060183
-0.060082
-0.0599813
-0.0598805
-0.0597801
-0.0596796
-0.0595795
-0.0594793
-0.0593794
-0.0592796
-0.05918
-0.0590804
-0.0589811
-0.0588818
-0.0587828
-0.0586838
-0.0585851
-0.0584863
-0.0583878
-0.0582893
-0.058191
-0.0580927
-0.0579947
-0.0578966
-0.0577988
-0.0577008
-0.0576032
-0.0575054
-0.0574079
-0.0573102
-0.0572128
-0.0571152
-0.0570179
-0.0569204
-0.0568231
-0.0567256
-0.0566283
-0.0565308
-0.0564334
-0.0563358
-0.0562383
-0.0561406
-0.0560429
-0.055945
-0.0558471
-0.0557489
-0.0556507
-0.0555522
-0.0554536
-0.0553547
-0.0552557
-0.0551562
-0.0550567
-0.0549567
-0.0548565
-0.0547557
-0.0546548
-0.0545532
-0.0544514
-0.0543489
-0.0542461
-0.0541425
-0.0540385
-0.0539337
-0.0538283
-0.0537221
-0.0536152
-0.0535073
-0.0533988
-0.053289
-0.0531784
-0.0530666
-0.0529538
-0.0528395
-0.0527241
-0.0526071
-0.0524888
-0.0523686
-0.0522469
-0.0521232
-0.0519977
-0.0518698
-0.0517399
-0.0516073
-0.0514722
-0.0513342
-0.0511932
-0.0510489
-0.0509011
-0.0507493
-0.0505935
-0.0504331
-0.0502679
-0.0500972
-0.0499209
-0.0497382
-0.0495486
-0.0493513
-0.0491459
-0.0489311
-0.0487063
-0.0484701
-0.0482217
-0.0479592
-0.0476814
-0.0473861
-0.0470714
-0.0467344
-0.0463727
-0.0459823
-0.0455595
-0.0450991
-0.0445956
-0.0440418
-0.0434295
-0.0427482
-0.0419855
-0.0411259
-0.0401505
-0.0390352
-0.0377508
-0.03626
-0.034517
-0.0324645
-0.0300341
-0.0271443
-0.0237065
-0.0196339
-0.0148666
-0.00941056
-0.00339609
0.00287332
0.0089232
0.0142101
0.0182906
0.0209566
0.0222486
0.0223718
0.0215878
0.0201435
0.0182389
0.0160258
0.0136137
0.0110816
0.00848528
0.00586482
0.00324833
0.000656287
-0.00189751
-0.00440296
-0.00685394
-0.00924609
-0.0115776
-0.0138472
-0.0160558
-0.018204
-0.0202943
-0.0223289
-0.0243115
-0.0262457
-0.0281366
-0.0299892
-0.0318099
-0.0336053
-0.0353828
-0.0371501
-0.0389154
-0.0406865
-0.0424708
-0.0442741
-0.0461006
-0.0479508
-0.0498213
-0.0517026
-0.0535795
-0.0554289
-0.0572228
-0.0589292
-0.0605169
-0.061959
-0.0632379
-0.0643461
-0.065287
-0.066072
-0.066718
-0.0672435
-0.0676675
-0.0680064
-0.0682753
-0.0684863
-0.0686498
-0.0687737
-0.0688651
-0.068929
-0.0689703
-0.0689922
-0.0689981
-0.0689901
-0.0689705
-0.0689408
-0.0689027
-0.068857
-0.0688052
-0.0687478
-0.0686858
-0.0686195
-0.0685498
-0.0684768
-0.0684011
-0.0683229
-0.0682427
-0.0681604
-0.0680765
-0.067991
-0.0679043
-0.0678162
-0.0677271
-0.0676369
-0.0675458
-0.0674538
-0.0673612
-0.0672676
-0.0671736
-0.0670788
-0.0669835
-0.0668876
-0.0667913
-0.0666944
-0.0665971
-0.0664993
-0.0664013
-0.0663027
-0.0662038
-0.0661046
-0.0660051
-0.0659051
-0.0658051
-0.0657046
-0.065604
-0.0655029
-0.0654018
-0.0653004
-0.0651988
-0.065097
-0.064995
-0.0648928
-0.0647906
-0.064688
-0.0645855
-0.0644826
-0.0643798
-0.0642768
-0.0641738
-0.0640705
-0.0639673
-0.0638639
-0.0637606
-0.0636571
-0.0635537
-0.0634501
-0.0633467
-0.063243
-0.0631395
-0.0630359
-0.0629324
-0.0628288
-0.0627253
-0.0626218
-0.0625184
-0.0624149
-0.0623116
-0.0622082
-0.0621051
-0.0620019
-0.0618988
-0.0617958
-0.0616929
-0.06159
-0.0614874
-0.0613847
-0.0612822
-0.0611798
-0.0610776
-0.0609753
-0.0608734
-0.0607714
-0.0606697
-0.060568
-0.0604666
-0.0603651
-0.060264
-0.0601628
-0.060062
-0.0599611
-0.0598605
-0.05976
-0.0596597
-0.0595594
-0.0594594
-0.0593594
-0.0592598
-0.0591601
-0.0590607
-0.0589613
-0.0588621
-0.058763
-0.0586642
-0.0585653
-0.0584667
-0.0583681
-0.0582697
-0.0581714
-0.0580732
-0.0579751
-0.0578771
-0.0577792
-0.0576814
-0.0575836
-0.057486
-0.0573883
-0.0572909
-0.0571933
-0.0570959
-0.0569984
-0.0569011
-0.0568036
-0.0567063
-0.0566088
-0.0565114
-0.0564139
-0.0563164
-0.0562188
-0.0561212
-0.0560233
-0.0559255
-0.0558275
-0.0557294
-0.055631
-0.0555326
-0.0554339
-0.055335
-0.0552358
-0.0551365
-0.0550367
-0.0549368
-0.0548364
-0.0547357
-0.0546345
-0.054533
-0.054431
-0.0543285
-0.0542254
-0.0541219
-0.0540176
-0.0539128
-0.0538072
-0.0537009
-0.0535937
-0.0534858
-0.0533769
-0.0532671
-0.0531562
-0.0530443
-0.052931
-0.0528167
-0.0527008
-0.0525837
-0.0524649
-0.0523446
-0.0522224
-0.0520984
-0.0519723
-0.0518442
-0.0517136
-0.0515806
-0.0514449
-0.0513064
-0.0511647
-0.0510197
-0.0508711
-0.0507186
-0.0505618
-0.0504006
-0.0502342
-0.0500626
-0.049885
-0.049701
-0.0495099
-0.0493111
-0.0491038
-0.0488872
-0.0486601
-0.0484217
-0.0481705
-0.0479052
-0.0476239
-0.047325
-0.047006
-0.0466645
-0.0462972
-0.0459008
-0.0454708
-0.0450024
-0.0444894
-0.0439248
-0.0432995
-0.0426031
-0.0418224
-0.0409414
-0.0399401
-0.0387938
-0.0374713
-0.0359343
-0.0341344
-0.0320127
-0.0294973
-0.0265057
-0.0229477
-0.0187401
-0.0138317
-0.00824915
-0.00215347
0.00411423
0.0100549
0.0151304
0.018937
0.0213188
0.0223583
0.0222794
0.0213455
0.0197949
0.0178183
0.0155578
0.0131165
0.0105676
0.0079638
0.00534205
0.00272916
0.000143656
-0.00240105
-0.00489618
-0.00733558
-0.00971587
-0.0120349
-0.0142925
-0.0164888
-0.0186254
-0.0207042
-0.0227283
