0.01
0.02
0.03
0.04
0.05
0.06
0.07
0.08
0.09
0.1
0.11
0.12
0.13
0.14
0.15
0.16
0.17
0.18
0.19
0.2
0.21
0.22
0.23
0.24
0.25
0.26
0.27
0.28
0.29
0.3
0.31
0.32
0.33
0.34
0.35
0.36
0.37
0.38
0.39
0.4
0.41
0.42
0.43
0.44
0.45
0.46
0.47
0.48
0.49
0.5
0.51
0.52
0.53
0.54
0.55
0.56
0.57
0.58
0.59
0.6
0.61
0.62
0.63
0.64
0.65
0.66
0.67
0.68
0.69
0.7
0.71
0.72
0.73
0.74
0.75
0.76
0.77
0.78
0.79
0.8
0.81
0.82
0.83
0.84
0.85
0.86
0.87
0.88
0.89
0.9
0.91
0.92
0.93
0.94
0.95
0.96
0.97
0.98
0.99
1.0
301.01
301.02
301.03
301.04
301.05
301.06
301.07
301.08
301.09
301.1
301.11
301.12
301.13
301.14
301.15
301.16
301.17
301.18
301.19
301.2
301.21
301.22
301.23
301.24
301.25
301.26
301.27
301.28
301.29
301.3
301.31
301.32
301.33
301.34
301.35
301.36
301.37
301.38
301.39
301.4
301.41
301.42
301.43
301.44
301.45
301.46
301.47
301.48
301.49
301.5
301.51
301.52
301.53
301.54
301.55
301.56
301.57
301.58
301.59
301.6
301.61
301.62
301.63
301.64
301.65
301.66
301.67
301.68
301.69
301.7
301.71
301.72
301.73
301.74
301.75
301.76
301.77
301.78
301.79
301.8
301.81
301.82
301.83
301.84
301.85
301.86
301.87
301.88
301.89
301.9
301.91
301.92
301.93
301.94
301.95
301.96
301.97
301.98
301.99
302.0
602.01
602.02
602.03
602.04
602.05
602.06
602.07
602.08
602.09
602.1
602.11
602.12
602.13
602.14
602.15
602.16
602.17
602.18
602.19
602.2
602.21
602.22
602.23
602.24
602.25
602.26
602.27
602.28
602.29
602.3
602.31
602.32
602.33
602.34
602.35
602.36
602.37
602.38
602.39
602.4
602.41
602.42
602.43
602.44
602.45
602.46
602.47
602.48
602.49
602.5
602.51
602.52
602.53
602.54
602.55
602.56
602.57
602.58
602.59
602.6
602.61
602.62
602.63
602.64
602.65
602.66
602.67
602.68
602.69
602.7
602.71
602.72
602.73
602.74
602.75
602.76
602.77
602.78
602.79
602.8
602.81
602.82
602.83
602.84
602.85
602.86
602.87
602.88
602.89
602.9
602.91
602.92
602.93
602.94
602.95
602.96
602.97
602.98
602.99
603.0
