0.01
0.02
0.03
0.04
0.05
0.06
0.07
0.08
0.09
0.1
0.11
0.12
0.13
0.14
0.15
0.16
0.17
0.18
0.19
0.2
0.21
0.22
0.23
0.24
0.25
0.26
0.27
0.28
0.29
0.3
0.31
0.32
0.33
0.34
0.35
0.36
0.37
0.38
0.39
0.4
0.41
0.42
0.43
0.44
0.45
0.46
0.47
0.48
0.49
0.5
0.51
0.52
0.53
0.54
0.55
0.56
0.57
0.58
0.59
0.6
0.61
0.62
0.63
0.64
0.65
0.66
0.67
0.68
0.69
0.7
0.71
0.72
0.73
0.74
0.75
0.76
0.77
0.78
0.79
0.8
0.81
0.82
0.83
0.84
0.85
0.86
0.87
0.88
0.89
0.9
0.91
0.92
0.93
0.94
0.95
0.96
0.97
0.98
0.99
1.0
3.01
3.02
3.03
3.04
3.05
3.06
3.07
3.08
3.09
3.1
3.11
3.12
3.13
3.14
3.15
3.16
3.17
3.18
3.19
3.2
3.21
3.22
3.23
3.24
3.25
3.26
3.27
3.28
3.29
3.3
3.31
3.32
3.33
3.34
3.35
3.36
3.37
3.38
3.39
3.4
3.41
3.42
3.43
3.44
3.45
3.46
3.47
3.48
3.49
3.5
3.51
3.52
3.53
3.54
3.55
3.56
3.57
3.58
3.59
3.6
3.61
3.62
3.63
3.64
3.65
3.66
3.67
3.68
3.69
3.7
3.71
3.72
3.73
3.74
3.75
3.76
3.77
3.78
3.79
3.8
3.81
3.82
3.83
3.84
3.85
3.86
3.87
3.88
3.89
3.9
3.91
3.92
3.93
3.94
3.95
3.96
3.97
3.98
3.99
4.0
6.01
6.02
6.03
6.04
6.05
6.06
6.07
6.08
6.09
6.1
6.11
6.12
6.13
6.14
6.15
6.16
6.17
6.18
6.19
6.2
6.21
6.22
6.23
6.24
6.25
6.26
6.27
6.28
6.29
6.3
6.31
6.32
6.33
6.34
6.35
6.36
6.37
6.38
6.39
6.4
6.41
6.42
6.43
6.44
6.45
6.46
6.47
6.48
6.49
6.5
6.51
6.52
6.53
6.54
6.55
6.56
6.57
6.58
6.59
6.6
6.61
6.62
6.63
6.64
6.65
6.66
6.67
6.68
6.69
6.7
6.71
6.72
6.73
6.74
6.75
6.76
6.77
6.78
6.79
6.8
6.81
6.82
6.83
6.84
6.85
6.86
6.87
6.88
6.89
6.9
6.91
6.92
6.93
6.94
6.95
6.96
6.97
6.98
6.99
7.0
