-0.065
-0.0587618
-0.058641
-0.055587
-0.0554695
-0.0532119
-0.0530968
-0.0512375
-0.0511245
-0.0495143
-0.049403
-0.0479673
-0.0478575
-0.0465527
-0.0464444
-0.0452424
-0.0451355
-0.0440171
-0.0439114
-0.0428628
-0.0427582
-0.0417689
-0.0416655
-0.0407273
-0.040625
-0.0397317
-0.0396303
-0.0387767
-0.0386763
-0.0378581
-0.0377587
-0.0369724
-0.0368739
-0.0361164
-0.0360188
-0.0352878
-0.035191
-0.0344841
-0.0343882
-0.0337036
-0.0336084
-0.0329445
-0.0328501
-0.0322053
-0.0321117
-0.0314847
-0.0313918
-0.0307815
-0.0306893
-0.0300947
-0.0300032
-0.0294233
-0.0293325
-0.0287665
-0.0286764
-0.0281234
-0.028034
-0.0274934
-0.0274046
-0.0268759
-0.0267877
-0.0262701
-0.0261825
-0.0256756
-0.0255886
-0.0250918
-0.0250054
-0.0245183
-0.0244325
-0.0239546
-0.0238694
-0.0234004
-0.0233158
-0.0228553
-0.0227712
-0.0223188
-0.0222353
-0.0217907
-0.0217077
-0.0212707
-0.0211882
-0.0207585
-0.0206765
-0.0202537
-0.0201723
-0.0197562
-0.0196752
-0.0192657
-0.0191852
-0.0187819
-0.018702
-0.0183047
-0.0182252
-0.0178339
-0.0177548
-0.0173691
-0.0172906
-0.0169104
-0.0168322
-0.0164574
-0.0163797
-0.01601
-0.0159327
-0.015568
-0.0154912
-0.0151313
-0.0150549
-0.0146998
-0.0146238
-0.0142733
-0.0141977
-0.0138516
-0.0137764
-0.0134347
-0.0133598
-0.0130223
-0.0129479
-0.0126145
-0.0125404
-0.012211
-0.0121373
-0.0118117
-0.0117384
-0.0114166
-0.0113436
-0.0110256
-0.0109529
-0.0106385
-0.0105661
-0.0102552
-0.0101832
-0.00987566
-0.00980395
-0.0094998
-0.0094284
-0.00912751
-0.00905641
-0.00875871
-0.0086879
-0.00839331
-0.00832279
-0.00803125
-0.007961
-0.00767243
-0.00760246
-0.00731679
-0.00724708
-0.00696425
-0.0068948
-0.00661474
-0.00654555
-0.00626821
-0.00619926
-0.00592457
-0.00585586
-0.00558377
-0.00551529
-0.00524574
-0.00517749
-0.00491043
-0.0048424
-0.00457777
-0.00450995
-0.00424771
-0.0041801
-0.0039202
-0.00385279
-0.00359518
-0.00352797
-0.0032726
-0.00320558
-0.0029524
-0.00288556
-0.00263455
-0.00256789
-0.00231898
-0.0022525
-0.00200566
-0.00193935
-0.00169454
-0.00162839
-0.00138557
-0.00131958
-0.00107872
-0.00101288
-0.000773934
-0.000708247
-0.000471181
-0.000405639
-0.000170419
-0.000105018
0.000128391
0.000193656
0.000425286
0.000490419
0.000720303
0.000785308
0.00101348
0.00107836
0.00130484
0.0013696
0.00159443
0.00165907
0.00188228
0.00194681
0.00216841
0.00223284
0.00245287
0.00251719
0.00273568
0.00279989
0.00301687
0.00308098
0.00329646
0.00336048
0.0035745
0.00363842
0.00385099
0.00391483
0.00412598
0.00418973
0.00439949
0.00446315
0.00467153
0.00473511
0.00494214
0.00500564
0.00521134
0.00527477
0.00547916
0.00554251
0.00574561
0.00580888
0.00601071
0.00607392
0.0062745
0.00633764
0.00653699
0.00660006
0.00679819
0.0068612
0.00705814
0.00712109
0.00731685
0.00737974
0.00757434
0.00763717
0.00783063
0.00789339
0.00808573
0.00814844
0.00833966
0.00840232
0.00859245
0.00865505
0.0088441
0.00890665
0.00909463
0.00915714
0.00934407
0.00940652
0.00959242
0.00965483
0.0098397
0.00990206
0.0100859
0.0101482
0.0103311
0.0103934
0.0105753
0.0106375
0.0108184
0.0108806
0.0110606
0.0111227
0.0113017
0.0113638
0.0115419
0.011604
0.0117811
0.0118431
0.0120194
0.0120814
0.0122567
0.0123187
0.0124931
0.012555
0.0127286
0.0127905
0.0129632
0.013025
0.0131969
0.0132587
0.0134297
0.0134915
0.0136617
0.0137234
0.0138928
0.0139544
0.014123
0.0141846
0.0143524
0.014414
0.0145809
0.0146425
0.0148086
0.0148702
0.0150356
0.015097
0.0152617
0.0153231
0.015487
0.0155484
0.0157115
0.0157729
0.0159352
0.0159966
0.0161582
0.0162195
0.0163804
0.0164416
0.0166018
0.016663
0.0168225
0.0168837
0.0170424
0.0171036
0.0172616
0.0173227
0.0174801
0.0175412
0.0176978
0.0177589
0.0179148
0.0179759
0.0181312
0.0181922
0.0183468
0.0184077
0.0185617
0.0186226
0.0187759
0.0188368
0.0189894
0.0190503
0.0192023
0.0192631
0.0194145
0.0194753
0.019626
0.0196867
0.0198368
0.0198975
0.020047
0.0201077
0.0202566
0.0203172
0.0204655
0.020526
0.0206737
0.0207342
0.0208813
0.0209418
0.0210883
0.0211487
0.0212946
0.021355
0.0215003
0.0215607
0.0217054
0.0217658
0.0219099
0.0219702
0.0221138
0.0221741
0.0223171
0.0223773
0.0225197
0.0225799
0.0227218
0.0227819
0.0229233
0.0229833
0.0231241
0.0231842
0.0233244
0.0233844
0.0235241
0.0235841
0.0237233
0.0237832
0.0239218
0.0239817
0.0241198
0.0241796
0.0243172
0.024377
0.0245141
0.0245738
0.0247103
0.02477
0.0249061
0.0249657
0.0251012
0.0251608
0.0252959
0.0253554
0.0254899
0.0255494
0.0256835
0.0257429
0.0258764
0.0259358
0.0260689
0.0261282
0.0262608
0.02632
0.0264521
0.0265114
0.026643
0.0267021
0.0268333
0.0268924
0.0270231
0.0270821
0.0272123
0.0272713
0.0274011
0.02746
0.0275893
0.0276482
0.027777
0.0278358
0.0279642
0.028023
0.0281509
0.0282096
0.028337
0.0283957
0.0285227
0.0285813
0.0287079
0.0287664
0.0288925
0.028951
0.0290767
0.0291351
0.0292604
0.0293187
0.0294436
0.0295019
0.0296262
0.0296845
0.0298084
0.0298666
0.0299901
0.0300483
0.0301714
0.0302294
0.0303521
0.0304101
0.0305323
0.0305903
0.0307121
0.03077
0.0308914
0.0309492
0.0310702
0.031128
0.0312486
0.0313063
0.0314265
0.0314841
0.0316039
0.0316614
0.0317808
0.0318383
0.0319573
0.0320147
0.0321333
0.0321907
0.0323088
0.0323661
0.0324839
0.0325411
0.0326585
0.0327157
0.0328327
0.0328898
0.0330064
0.0330635
0.0331797
0.0332366
0.0333525
0.0334094
0.0335249
0.0335817
0.0336968
0.0337535
0.0338682
0.0339249
0.0340392
0.0340959
0.0342098
0.0342664
0.0343799
0.0344364
0.0345496
0.034606
0.0347189
0.0347752
0.0348877
0.034944
0.0350561
0.0351123
0.035224
0.0352801
0.0353915
0.0354476
0.0355586
0.0356146
0.0357252
0.0357811
0.0358915
0.0359473
0.0360573
0.036113
0.0362226
0.0362783
0.0363876
0.0364431
0.0365521
0.0366076
0.0367162
0.0367716
0.0368798
0.0369352
0.0370431
0.0370984
0.0372059
0.0372611
0.0373683
0.0374235
0.0375303
0.0375854
0.0376919
0.0377469
0.0378531
0.037908
0.0380139
0.0380687
0.0381742
0.038229
0.0383342
0.0383888
0.0384937
0.0385483
0.0386528
0.0387073
0.0388116
0.038866
0.0389699
0.0390242
0.0391278
0.0391821
0.0392853
0.0393395
0.0394424
0.0394966
0.0395992
0.0396532
0.0397555
0.0398094
0.0399114
0.0399653
0.0400669
0.0401207
0.0402221
0.0402758
0.0403768
0.0404304
0.0405312
0.0405847
0.0406851
0.0407386
0.0408387
0.0408921
0.0409919
0.0410452
0.0411447
0.0411979
0.0412971
0.0413502
0.0414491
0.0415021
0.0416007
0.0416537
0.041752
0.0418049
0.0419028
0.0419556
0.0420533
0.042106
0.0422034
0.0422561
0.0423532
0.0424057
0.0425025
0.042555
0.0426515
0.0427039
0.0428001
0.0428524
0.0429483
0.0430005
0.0430962
0.0431483
0.0432437
0.0432957
0.0433908
0.0434427
0.0435375
0.0435894
0.0436839
0.0437356
0.0438299
0.0438816
0.0439755
0.0440271
0.0441208
0.0441723
0.0442657
0.0443171
0.0444102
0.0444615
0.0445544
0.0446056
0.0446982
0.0447493
0.0448416
0.0448927
0.0449847
0.0450357
0.0451274
0.0451783
0.0452698
0.0453206
0.0454118
0.0454625
0.0455535
0.0456041
0.0456947
0.0457453
0.0458357
0.0458862
0.0459763
0.0460267
0.0461165
0.0461668
0.0462564
0.0463066
0.0463959
0.0464461
0.0465351
0.0465852
0.0466739
0.0467239
0.0468124
0.0468623
0.0469506
0.0470004
0.0470884
0.0471381
0.0472258
0.0472754
0.0473629
0.0474124
0.0474997
0.0475491
0.0476361
0.0476854
0.0477721
0.0478214
0.0479079
0.047957
0.0480433
0.0480923
0.0481783
0.0482273
0.048313
0.0483619
0.0484474
0.0484962
0.0485814
0.0486302
0.0487151
0.0487638
0.0488485
0.0488971
0.0489815
0.04903
0.0491142
0.0491626
0.0492466
0.0492949
0.0493786
0.0494268
0.0495103
0.0495585
0.0496417
0.0496897
0.0497728
0.0498207
0.0499035
0.0499513
0.0500339
0.0500816
0.0501639
0.0502116
0.0502937
0.0503413
0.0504231
0.0504706
0.0505522
0.0505996
0.0506809
0.0507283
0.0508094
0.0508566
0.0509375
0.0509847
0.0510653
0.0511124
0.0511928
0.0512398
0.05132
0.0513668
0.0514468
0.0514936
0.0515733
0.05162
0.0516995
0.0517462
0.0518254
0.051872
0.051951
0.0519975
0.0520763
0.0521226
0.0522012
0.0522475
0.0523259
0.0523721
0.0524502
0.0524963
0.0525742
0.0526202
0.0526979
0.0527439
0.0528213
0.0528672
0.0529444
0.0529902
0.0530672
0.0531129
0.0531897
0.0532353
0.0533119
0.0533573
0.0534337
0.0534791
0.0535553
0.0536006
0.0536766
0.0537218
0.0537975
0.0538426
0.0539182
0.0539632
0.0540385
0.0540834
0.0541586
0.0542034
0.0542783
0.0543231
0.0543978
0.0544424
0.0545169
0.0545615
0.0546358
0.0546803
0.0547543
0.0547987
0.0548726
0.0549169
0.0549905
0.0550348
0.0551082
0.0551524
0.0552256
0.0552696
0.0553427
0.0553866
0.0554595
0.0555033
0.055576
0.0556198
0.0556922
0.0557359
0.0558081
0.0558517
0.0559237
0.0559672
0.056039
0.0560825
0.0561541
0.0561975
0.0562689
0.0563121
0.0563833
0.0564265
0.0564975
0.0565406
0.0566114
0.0566544
0.056725
0.056768
0.0568384
0.0568812
0.0569514
0.0569942
0.0570642
0.0571069
0.0571767
0.0572193
0.0572889
0.0573314
0.0574008
0.0574432
0.0575125
0.0575548
0.0576238
0.0576661
0.0577349
0.0577771
0.0578457
0.0578878
0.0579563
0.0579983
0.0580665
0.0581084
0.0581765
0.0582183
0.0582862
0.058328
0.0583957
0.0584373
0.0585048
0.0585464
0.0586137
0.0586552
0.0587223
0.0587637
0.0588307
0.058872
0.0589388
0.05898
0.0590466
0.0590877
0.0591541
0.0591952
0.0592614
0.0593023
0.0593684
0.0594093
0.0594751
0.0595159
0.0595816
0.0596223
0.0596878
0.0597284
0.0597937
0.0598343
0.0598994
0.0599399
0.0600048
0.0600452
0.0601099
0.0601502
0.0602148
0.060255
0.0603194
0.0603596
0.0604238
0.0604638
0.0605279
0.0605679
0.0606317
0.0606716
0.0607353
0.0607751
0.0608386
0.0608783
0.0609417
0.0609813
0.0610445
0.061084
0.0611471
0.0611865
0.0612494
0.0612887
0.0613514
0.0613907
0.0614532
0.0614924
0.0615547
0.0615938
0.061656
0.061695
0.061757
0.061796
0.0618578
0.0618966
0.0619583
0.0619971
0.0620585
0.0620973
0.0621586
0.0621972
0.0622583
0.0622969
0.0623578
0.0623963
0.0624571
0.0624955
0.0625561
0.0625944
0.0626549
0.0626931
0.0627534
0.0627916
0.0628517
0.0628898
0.0629498
0.0629877
0.0630475
0.0630854
0.0631451
0.0631829
0.0632424
0.0632801
0.0633395
0.0633771
0.0634363
0.0634738
0.0635329
0.0635703
0.0636292
0.0636666
0.0637253
0.0637626
0.0638211
0.0638584
0.0639168
0.0639539
0.0640121
0.0640492
0.0641073
0.0641443
0.0642022
0.0642391
0.0642968
0.0643337
0.0643913
0.064428
0.0644855
0.0645221
0.0645794
0.064616
0.0646731
0.0647097
0.0647666
0.0648031
0.0648599
0.0648962
0.0649529
0.0649892
0.0650457
0.0650819
0.0651382
0.0651744
0.0652306
0.0652666
0.0653227
0.0653586
0.0654145
0.0654504
0.0655062
0.065542
0.0655976
0.0656333
0.0656888
0.0657244
0.0657797
0.0658153
0.0658704
0.0659059
0.0659609
0.0659964
0.0660512
0.0660866
0.0661413
0.0661765
0.0662311
0.0662663
0.0663207
0.0663558
0.0664101
0.0664451
0.0664992
0.0665342
0.0665881
0.066623
0.0666768
0.0667117
0.0667653
0.0668001
0.0668536
0.0668883
0.0669416
0.0669762
0.0670295
0.067064
0.0671171
0.0671515
0.0672044
0.0672388
0.0672916
0.0673259
0.0673786
0.0674128
0.0674653
0.0674994
0.0675518
0.0675859
0.0676381
0.0676721
0.0677242
0.0677581
0.0678101
0.0678439
0.0678957
0.0679295
0.0679812
0.0680149
0.0680664
0.0681
0.0681514
0.068185
0.0682362
0.0682697
0.0683208
0.0683542
0.0684052
0.0684385
0.0684894
0.0685226
0.0685733
0.0686065
0.0686571
0.0686902
0.0687406
0.0687736
0.068824
0.0688569
0.0689071
0.06894
0.06899
0.0690228
0.0690727
0.0691054
0.0691552
0.0691879
0.0692375
0.0692701
0.0693196
0.0693521
0.0694015
0.0694339
0.0694832
0.0695155
0.0695647
0.0695969
0.0696459
0.0696781
0.069727
0.0697591
0.0698079
0.0698399
0.0698885
0.0699205
0.069969
0.0700009
0.0700493
0.0700811
0.0701293
0.0701611
0.0702092
0.0702409
0.0702889
0.0703205
0.0703683
0.0703999
0.0704476
0.0704791
0.0705267
0.0705581
0.0706056
0.0706369
0.0706842
0.0707155
0.0707627
0.0707939
0.070841
0.0708721
0.0709191
0.0709502
0.070997
0.071028
0.0710747
0.0711056
0.0711522
0.0711831
0.0712295
0.0712603
0.0713066
0.0713373
0.0713835
0.0714142
0.0714603
0.0714909
0.0715368
0.0715673
0.0716132
0.0716436
0.0716893
0.0717197
0.0717653
0.0717956
0.0718411
0.0718713
0.0719167
0.0719469
0.0719921
0.0720222
0.0720673
0.0720973
0.0721423
0.0721723
0.0722172
0.0722471
0.0722918
0.0723217
0.0723663
0.0723961
0.0724406
0.0724703
0.0725147
0.0725443
0.0725886
0.0726181
0.0726623
0.0726918
0.0727358
0.0727653
0.0728092
0.0728386
0.0728824
0.0729117
0.0729554
0.0729846
0.0730282
0.0730573
0.0731008
0.0731299
0.0731733
0.0732023
0.0732455
0.0732745
0.0733176
0.0733465
0.0733895
0.0734183
0.0734612
0.07349
0.0735328
0.0735615
0.0736042
0.0736328
0.0736753
0.0737039
0.0737464
0.0737749
0.0738172
0.0738456
0.0738879
0.0739162
0.0739583
0.0739866
0.0740286
0.0740569
0.0740988
0.074127
0.0741687
0.0741968
0.0742385
0.0742666
0.0743081
0.0743361
0.0743775
0.0744055
0.0744468
0.0744747
0.0745159
0.0745437
0.0745848
0.0746125
0.0746536
0.0746812
0.0747221
0.0747497
0.0747905
0.0748181
0.0748588
0.0748862
0.0749268
0.0749542
0.0749947
0.0750221
0.0750624
0.0750897
0.07513
0.0751572
0.0751973
0.0752245
0.0752646
0.0752917
0.0753316
0.0753586
0.0753985
0.0754255
0.0754652
0.0754921
0.0755317
0.0755586
0.0755981
0.0756249
0.0756643
0.0756911
0.0757304
0.075757
0.0757963
0.0758229
0.075862
0.0758885
0.0759275
0.075954
0.0759929
0.0760193
0.0760581
0.0760845
0.0761232
0.0761495
0.0761881
0.0762144
0.0762529
0.076279
0.0763174
0.0763435
0.0763818
0.0764079
0.0764461
0.0764721
0.0765102
0.0765361
0.0765741
0.0766
0.0766379
0.0766637
0.0767015
0.0767273
0.076765
0.0767907
0.0768283
0.0768539
0.0768914
0.076917
0.0769544
0.0769799
0.0770172
0.0770427
0.0770799
0.0771053
0.0771424
0.0771678
0.0772048
0.0772301
0.077267
0.0772922
0.077329
0.0773542
0.0773909
0.077416
0.0774526
0.0774777
0.0775142
0.0775392
0.0775757
0.0776006
0.0776369
0.0776618
0.0776981
0.0777229
0.077759
0.0777838
0.0778198
0.0778445
0.0778805
0.0779051
0.077941
0.0779656
0.0780014
0.0780259
0.0780616
0.0780861
0.0781217
0.0781461
0.0781816
0.0782059
0.0782413
0.0782656
0.0783009
0.0783252
0.0783604
0.0783846
0.0784197
0.0784439
0.0784789
0.078503
0.0785379
0.0785619
0.0785968
0.0786207
0.0786555
0.0786794
0.0787141
0.0787379
0.0787725
0.0787963
0.0788308
0.0788545
0.078889
0.0789126
0.0789469
0.0789706
0.0790048
0.0790284
0.0790625
0.079086
0.0791201
0.0791435
0.0791775
0.0792009
0.0792348
0.0792581
0.0792919
0.0793152
0.0793489
0.0793721
0.0794057
0.0794289
0.0794624
0.0794856
0.079519
0.0795421
0.0795754
0.0795985
0.0796317
0.0796547
0.0796879
0.0797108
0.0797439
0.0797667
0.0797997
0.0798225
0.0798554
0.0798782
0.079911
0.0799337
0.0799665
0.0799891
0.0800218
0.0800444
0.0800769
0.0800995
0.080132
0.0801545
0.0801869
0.0802093
0.0802416
0.080264
0.0802962
0.0803186
0.0803507
0.080373
0.0804051
0.0804273
0.0804593
0.0804815
0.0805134
0.0805355
0.0805673
0.0805894
0.0806211
0.0806431
0.0806748
0.0806967
0.0807283
0.0807502
0.0807817
0.0808036
0.080835
0.0808568
0.0808881
0.0809099
0.0809411
0.0809628
0.080994
0.0810157
0.0810467
0.0810683
0.0810994
0.0811209
0.0811518
0.0811733
0.0812042
0.0812256
0.0812564
0.0812778
0.0813085
0.0813298
0.0813604
0.0813817
0.0814123
0.0814335
0.081464
0.0814852
0.0815155
0.0815367
0.081567
0.0815881
0.0816183
0.0816393
0.0816695
0.0816904
0.0817205
0.0817415
0.0817714
0.0817923
0.0818222
0.0818431
0.0818729
0.0818937
0.0819235
0.0819442
0.0819739
0.0819946
0.0820242
0.0820448
0.0820743
0.0820949
0.0821244
0.0821449
0.0821743
0.0821948
0.0822241
0.0822445
0.0822738
0.0822942
0.0823233
0.0823437
0.0823727
0.082393
0.082422
0.0824423
0.0824712
0.0824914
0.0825203
0.0825404
0.0825692
0.0825893
0.082618
0.0826381
0.0826667
0.0826867
0.0827152
0.0827352
0.0827637
0.0827836
0.082812
0.0828319
0.0828602
0.08288
0.0829083
0.0829281
0.0829563
0.082976
0.0830041
0.0830238
0.0830518
0.0830715
0.0830994
0.083119
0.0831469
0.0831665
0.0831943
0.0832138
0.0832415
0.083261
0.0832886
0.0833081
0.0833357
0.083355
0.0833825
0.0834019
0.0834293
0.0834486
0.083476
0.0834952
0.0835225
0.0835417
0.083569
0.0835881
0.0836153
0.0836344
0.0836615
0.0836805
0.0837075
0.0837265
0.0837535
0.0837725
0.0837994
0.0838183
0.0838451
0.083864
0.0838907
0.0839095
0.0839362
0.083955
0.0839816
0.0840004
0.0840269
0.0840456
0.0840721
0.0840907
0.0841171
0.0841357
0.0841621
0.0841806
0.0842069
0.0842254
0.0842516
0.0842701
0.0842962
0.0843146
0.0843407
0.0843591
0.0843851
0.0844034
0.0844294
0.0844477
0.0844735
0.0844918
0.0845176
0.0845358
0.0845615
0.0845797
0.0846054
0.0846235
0.0846491
0.0846672
0.0846927
0.0847107
0.0847362
0.0847542
0.0847796
0.0847976
0.0848229
0.0848408
0.0848661
0.0848839
0.0849092
0.084927
0.0849521
0.0849699
0.084995
0.0850127
0.0850377
0.0850554
0.0850804
0.085098
0.0851229
0.0851405
0.0851654
0.0851829
0.0852077
0.0852252
0.0852499
0.0852674
0.085292
0.0853094
0.085334
0.0853514
0.0853759
0.0853933
0.0854177
0.085435
0.0854594
0.0854767
0.085501
0.0855182
0.0855425
0.0855597
0.0855839
0.085601
0.0856252
0.0856423
0.0856663
0.0856834
0.0857074
0.0857244
0.0857484
0.0857654
0.0857893
0.0858062
0.08583
0.0858469
0.0858707
0.0858875
0.0859113
0.0859281
0.0859517
0.0859685
0.0859921
0.0860088
0.0860323
0.086049
0.0860725
0.0860892
0.0861126
0.0861292
0.0861525
0.0861691
0.0861924
0.0862089
0.0862322
0.0862486
0.0862718
0.0862883
0.0863114
0.0863278
0.0863508
0.0863672
0.0863902
0.0864065
0.0864295
0.0864458
0.0864686
0.0864849
0.0865077
0.0865239
0.0865467
0.0865629
0.0865856
0.0866017
0.0866244
0.0866404
0.086663
0.0866791
0.0867016
0.0867176
0.0867401
0.0867561
0.0867785
0.0867944
0.0868168
0.0868327
0.086855
0.0868709
0.0868931
0.0869089
0.0869311
0.0869469
0.086969
0.0869848
0.0870069
0.0870226
0.0870446
0.0870603
0.0870822
0.0870979
0.0871198
0.0871354
0.0871572
0.0871728
0.0871946
0.0872101
0.0872318
0.0872473
0.087269
0.0872844
0.0873061
0.0873215
0.087343
0.0873584
0.0873799
0.0873953
0.0874167
0.087432
0.0874534
0.0874687
0.08749
0.0875053
0.0875266
0.0875418
0.087563
0.0875782
0.0875993
0.0876145
0.0876356
0.0876507
0.0876717
0.0876868
0.0877078
0.0877228
0.0877438
0.0877588
0.0877797
0.0877946
0.0878155
0.0878304
0.0878512
0.087866
0.0878868
0.0879016
0.0879223
0.0879371
0.0879578
0.0879725
0.0879931
0.0880079
0.0880284
0.0880431
0.0880636
0.0880782
0.0880987
0.0881133
0.0881337
0.0881482
0.0881686
0.0881831
0.0882034
0.0882179
0.0882382
0.0882526
0.0882728
0.0882872
0.0883074
0.0883218
0.0883419
0.0883562
0.0883762
0.0883906
0.0884106
0.0884249
0.0884448
0.088459
0.0884789
0.0884931
0.088513
0.0885272
0.0885469
0.0885611
0.0885808
0.0885949
0.0886146
0.0886287
0.0886483
0.0886624
0.088682
0.088696
0.0887155
0.0887295
0.088749
0.0887629
0.0887824
0.0887963
0.0888156
0.0888295
0.0888489
0.0888627
0.088882
0.0888958
0.088915
0.0889288
0.088948
0.0889617
0.0889809
0.0889946
0.0890137
0.0890274
0.0890464
0.08906
0.089079
0.0890926
0.0891116
0.0891252
0.0891441
0.0891576
0.0891764
0.08919
0.0892088
0.0892222
0.089241
0.0892544
0.0892731
0.0892866
0.0893052
0.0893186
0.0893372
0.0893506
0.0893691
0.0893824
0.0894009
0.0894142
0.0894327
0.0894459
0.0894644
0.0894776
0.089496
0.0895091
0.0895275
0.0895406
0.0895589
0.089572
0.0895903
0.0896034
0.0896215
0.0896346
0.0896527
0.0896658
0.0896839
0.0896969
0.0897149
0.0897279
0.0897459
0.0897588
0.0897768
0.0897897
0.0898076
0.0898204
0.0898383
0.0898511
0.089869
0.0898818
0.0898995
0.0899123
0.0899301
0.0899428
0.0899605
0.0899732
0.0899908
0.0900035
0.0900211
0.0900338
0.0900513
0.0900639
0.0900814
0.090094
0.0901115
0.0901241
0.0901415
0.090154
0.0901714
0.0901839
0.0902012
0.0902137
0.0902309
0.0902434
0.0902606
0.090273
0.0902902
0.0903026
0.0903198
0.0903321
0.0903492
0.0903615
0.0903786
0.0903909
0.0904079
0.0904202
0.0904371
0.0904494
0.0904663
0.0904785
0.0904954
0.0905076
0.0905244
0.0905366
0.0905534
0.0905655
0.0905822
0.0905943
0.090611
0.0906231
0.0906398
0.0906518
0.0906684
0.0906804
0.090697
0.090709
0.0907255
0.0907375
0.090754
0.0907659
0.0907823
0.0907942
0.0908106
0.0908225
0.0908389
0.0908507
0.090867
0.0908788
0.0908951
0.0909069
0.0909231
0.0909349
0.0909511
0.0909628
0.090979
0.0909906
0.0910068
0.0910184
0.0910345
0.0910461
0.0910622
0.0910738
0.0910898
0.0911014
0.0911173
0.0911289
0.0911448
0.0911563
0.0911722
0.0911837
0.0911995
0.091211
0.0912268
0.0912382
0.091254
0.0912654
0.0912811
0.0912925
0.0913082
0.0913195
0.0913351
0.0913465
0.0913621
0.0913733
0.0913889
0.0914002
0.0914157
0.0914269
0.0914424
0.0914536
0.0914691
0.0914803
0.0914957
0.0915068
0.0915222
0.0915333
0.0915486
0.0915597
0.091575
0.0915861
0.0916014
0.0916124
0.0916276
0.0916386
0.0916538
0.0916648
0.0916799
0.0916909
0.091706
0.0917169
0.091732
0.0917429
0.0917579
0.0917688
0.0917838
0.0917946
0.0918096
0.0918204
0.0918353
0.0918461
0.091861
0.0918718
0.0918866
0.0918973
0.0919121
0.0919229
0.0919376
0.0919483
0.091963
0.0919737
0.0919884
0.091999
0.0920137
0.0920243
0.0920389
0.0920495
0.0920641
0.0920746
0.0920892
0.0920997
0.0921142
0.0921247
0.0921392
0.0921497
0.0921641
0.0921746
0.092189
0.0921994
0.0922137
0.0922241
0.0922385
0.0922488
0.0922631
0.0922735
0.0922877
0.0922981
0.0923123
0.0923226
0.0923368
0.092347
0.0923612
0.0923714
0.0923855
0.0923958
0.0924098
0.09242
0.0924341
0.0924443
0.0924583
0.0924684
0.0924824
0.0924925
0.0925064
0.0925165
0.0925304
0.0925405
0.0925544
0.0925644
0.0925782
0.0925883
0.0926021
0.0926121
0.0926258
0.0926358
0.0926495
0.0926595
0.0926732
0.0926831
0.0926967
0.0927066
0.0927203
0.0927301
0.0927437
0.0927536
0.0927671
0.092777
0.0927905
0.0928003
0.0928138
0.0928235
0.092837
0.0928467
0.0928602
0.0928699
0.0928833
0.092893
0.0929063
0.092916
0.0929293
0.092939
0.0929523
0.0929619
0.0929751
0.0929848
0.092998
0.0930076
0.0930207
0.0930303
0.0930435
0.093053
0.0930661
0.0930756
0.0930887
0.0930982
0.0931113
0.0931207
0.0931337
0.0931432
0.0931562
0.0931656
0.0931785
0.093188
0.0932009
0.0932102
0.0932231
0.0932325
0.0932453
0.0932547
0.0932675
0.0932768
0.0932896
0.0932989
0.0933116
0.0933209
0.0933336
0.0933429
0.0933555
0.0933648
0.0933774
0.0933866
0.0933992
0.0934084
0.093421
0.0934302
0.0934427
0.0934519
0.0934644
0.0934735
0.093486
0.0934951
0.0935075
0.0935166
0.093529
0.0935381
0.0935505
0.0935595
0.0935719
0.0935809
0.0935932
0.0936022
0.0936145
0.0936234
0.0936357
0.0936446
0.0936569
0.0936658
0.093678
0.0936869
0.0936991
0.093708
0.0937201
0.093729
0.0937411
0.0937499
0.093762
0.0937708
0.0937829
0.0937916
0.0938037
0.0938124
0.0938244
0.0938332
0.0938451
0.0938538
0.0938658
0.0938745
0.0938864
0.0938951
0.0939069
0.0939156
0.0939274
0.0939361
0.0939479
0.0939565
0.0939683
0.0939769
0.0939886
0.0939972
0.0940089
0.0940175
0.0940292
0.0940377
0.0940494
0.0940579
0.0940695
0.094078
0.0940896
0.0940981
0.0941096
0.0941181
0.0941296
0.0941381
0.0941496
0.094158
0.0941695
0.0941779
0.0941893
0.0941977
0.0942091
0.0942174
0.0942289
0.0942372
0.0942486
0.0942568
0.0942682
0.0942765
0.0942878
0.0942961
0.0943074
0.0943156
0.0943269
0.0943351
0.0943463
0.0943545
0.0943657
0.0943739
0.0943851
0.0943932
0.0944044
0.0944125
0.0944236
0.0944317
0.0944428
0.0944509
0.094462
0.0944701
0.0944811
0.0944892
0.0945002
0.0945082
0.0945192
0.0945272
0.0945382
0.0945462
0.0945571
0.0945651
0.094576
0.0945839
0.0945948
0.0946027
0.0946136
0.0946215
0.0946323
0.0946402
0.094651
0.0946589
0.0946696
0.0946775
0.0946882
0.0946961
0.0947068
0.0947146
0.0947253
0.0947331
0.0947437
0.0947515
0.0947622
0.0947699
0.0947805
0.0947883
0.0947988
0.0948066
0.0948171
0.0948248
0.0948353
0.094843
0.0948535
0.0948612
0.0948717
0.0948793
0.0948898
0.0948974
0.0949078
0.0949154
0.0949258
0.0949334
0.0949438
0.0949513
0.0949617
0.0949692
0.0949795
0.0949871
0.0949974
0.0950049
0.0950151
0.0950226
0.0950329
0.0950403
0.0950506
0.095058
0.0950682
0.0950756
0.0950858
0.0950932
0.0951034
0.0951108
0.0951209
0.0951282
0.0951383
0.0951457
0.0951558
0.0951631
0.0951731
0.0951805
0.0951905
0.0951978
0.0952078
0.0952151
0.095225
0.0952323
0.0952422
0.0952495
0.0952594
0.0952666
0.0952765
0.0952837
0.0952936
0.0953008
0.0953106
0.0953178
0.0953276
0.0953348
0.0953446
0.0953517
0.0953615
0.0953686
0.0953784
0.0953855
0.0953952
0.0954023
0.095412
0.0954191
0.0954287
0.0954358
0.0954454
0.0954525
0.0954621
0.0954691
0.0954787
0.0954857
0.0954953
0.0955023
0.0955118
0.0955188
0.0955283
0.0955353
0.0955448
0.0955517
0.0955612
0.0955681
0.0955775
0.0955844
0.0955939
0.0956007
0.0956102
0.095617
0.0956264
0.0956332
0.0956426
0.0956494
0.0956588
0.0956656
0.0956749
0.0956817
0.095691
0.0956978
0.095707
0.0957138
0.095723
0.0957298
0.095739
0.0957457
0.0957549
0.0957616
0.0957708
0.0957775
0.0957867
0.0957933
0.0958025
0.0958091
0.0958182
0.0958249
0.095834
0.0958406
0.0958496
0.0958563
0.0958653
0.0958719
0.0958809
0.0958875
0.0958965
0.095903
0.095912
0.0959186
0.0959275
0.095934
0.095943
0.0959495
0.0959584
0.0959649
0.0959738
0.0959802
0.0959891
0.0959956
0.0960044
0.0960108
0.0960197
0.0960261
0.0960349
0.0960413
0.0960501
0.0960565
0.0960652
0.0960716
0.0960803
0.0960867
0.0960954
0.0961018
0.0961104
0.0961168
0.0961254
0.0961318
0.0961404
0.0961467
0.0961553
0.0961616
0.0961702
0.0961765
0.0961851
0.0961913
0.0961999
0.0962061
0.0962146
0.0962209
0.0962294
0.0962356
0.0962441
0.0962503
0.0962587
0.0962649
0.0962734
0.0962795
0.096288
0.0962941
0.0963025
0.0963087
0.096317
0.0963232
0.0963315
0.0963376
0.096346
0.0963521
0.0963604
0.0963665
0.0963747
0.0963808
0.0963891
0.0963951
0.0964034
0.0964094
0.0964177
0.0964237
0.0964319
0.0964379
0.0964461
0.0964521
0.0964602
0.0964662
0.0964744
0.0964803
0.0964885
0.0964944
0.0965025
0.0965084
0.0965165
0.0965224
0.0965305
0.0965364
0.0965445
0.0965503
0.0965584
0.0965642
0.0965723
0.0965781
0.0965861
0.0965919
0.0965999
0.0966057
0.0966137
0.0966195
0.0966274
0.0966332
0.0966411
0.0966469
0.0966548
0.0966606
0.0966684
0.0966742
0.0966821
0.0966878
0.0966956
0.0967014
0.0967092
0.0967149
0.0967227
0.0967284
0.0967361
0.0967418
0.0967496
0.0967552
0.096763
0.0967686
0.0967763
0.096782
0.0967897
0.0967953
0.096803
0.0968086
0.0968162
0.0968218
0.0968295
0.0968351
0.0968427
0.0968483
0.0968559
0.0968614
0.096869
0.0968745
0.0968821
0.0968876
0.0968952
0.0969007
0.0969082
0.0969137
0.0969212
0.0969267
0.0969342
0.0969397
0.0969471
0.0969526
0.09696
0.0969655
0.0969729
0.0969784
0.0969858
0.0969912
0.0969986
0.097004
0.0970114
0.0970167
0.0970241
0.0970295
0.0970368
0.0970422
0.0970495
0.0970549
0.0970622
0.0970675
0.0970748
0.0970801
0.0970874
0.0970927
0.0970999
0.0971052
0.0971125
0.0971177
0.097125
0.0971302
0.0971374
0.0971427
0.0971499
0.0971551
0.0971623
0.0971675
0.0971746
0.0971798
0.097187
0.0971922
0.0971993
0.0972045
0.0972116
0.0972167
0.0972238
0.097229
0.097236
0.0972412
0.0972482
0.0972534
0.0972604
0.0972655
0.0972725
0.0972776
0.0972846
0.0972897
0.0972967
0.0973018
0.0973087
0.0973138
0.0973207
0.0973258
0.0973327
0.0973377
0.0973446
0.0973497
0.0973565
0.0973616
0.0973684
0.0973734
0.0973803
0.0973853
0.0973921
0.0973971
0.0974039
0.0974089
0.0974157
0.0974206
0.0974274
0.0974324
0.0974391
0.0974441
0.0974508
0.0974557
0.0974625
0.0974674
0.0974741
0.097479
0.0974857
0.0974906
0.0974972
0.0975021
0.0975088
0.0975136
0.0975203
0.0975251
0.0975318
0.0975366
0.0975432
0.097548
0.0975546
0.0975595
0.097566
0.0975708
0.0975774
0.0975822
0.0975887
0.0975935
0.0976
0.0976048
0.0976113
0.0976161
0.0976226
0.0976273
0.0976338
0.0976385
0.097645
0.0976497
0.0976561
0.0976609
0.0976673
0.097672
0.0976784
0.0976831
0.0976895
0.0976942
0.0977005
0.0977052
0.0977116
0.0977162
0.0977226
0.0977272
0.0977335
0.0977382
0.0977445
0.0977491
0.0977554
0.09776
0.0977663
0.0977709
0.0977771
0.0977817
0.097788
0.0977926
0.0977988
0.0978034
0.0978096
0.0978141
0.0978203
0.0978249
0.0978311
0.0978356
0.0978418
0.0978463
0.0978524
0.0978569
0.0978631
0.0978676
0.0978737
0.0978782
0.0978843
0.0978888
0.0978949
0.0978993
0.0979054
0.0979099
0.0979159
0.0979204
0.0979264
0.0979309
0.0979369
0.0979413
0.0979473
0.0979517
0.0979577
0.0979621
0.0979681
0.0979725
0.0979785
0.0979829
0.0979888
0.0979932
0.0979991
0.0980035
0.0980094
0.0980137
0.0980197
0.098024
0.0980299
0.0980342
0.0980401
0.0980444
0.0980503
0.0980546
0.0980604
0.0980647
0.0980706
0.0980748
0.0980807
0.0980849
0.0980907
0.098095
0.0981008
0.098105
0.0981108
0.0981151
0.0981208
0.0981251
0.0981308
0.098135
0.0981408
0.098145
0.0981507
0.0981549
0.0981606
0.0981648
0.0981705
0.0981746
0.0981803
0.0981845
0.0981902
0.0981943
0.0982
0.0982041
0.0982097
0.0982139
0.0982195
0.0982236
0.0982292
0.0982333
0.0982389
0.098243
0.0982486
0.0982527
0.0982583
0.0982624
0.0982679
0.098272
0.0982775
0.0982816
0.0982871
0.0982912
0.0982967
0.0983007
0.0983062
0.0983102
0.0983157
0.0983198
0.0983252
0.0983292
0.0983347
0.0983387
0.0983441
0.0983481
0.0983536
0.0983575
0.098363
0.0983669
0.0983723
0.0983763
0.0983817
0.0983856
0.098391
0.0983949
0.0984003
0.0984042
0.0984096
0.0984135
0.0984189
0.0984228
0.0984281
0.098432
0.0984373
0.0984412
0.0984465
0.0984504
0.0984557
0.0984595
0.0984648
0.0984687
0.0984739
0.0984778
0.098483
0.0984869
0.0984921
0.0984959
0.0985011
0.098505
0.0985102
0.098514
0.0985192
0.098523
0.0985282
0.0985319
0.0985371
0.0985409
0.0985461
0.0985498
0.098555
0.0985587
0.0985639
0.0985676
0.0985727
0.0985765
0.0985816
0.0985853
0.0985904
0.0985941
0.0985992
0.0986029
0.098608
0.0986117
0.0986168
0.0986205
0.0986255
0.0986292
0.0986342
0.0986379
0.0986429
0.0986466
0.0986516
0.0986553
0.0986603
0.0986639
0.0986689
0.0986725
0.0986775
0.0986811
0.0986861
0.0986897
0.0986947
0.0986983
0.0987032
0.0987068
0.0987117
0.0987153
0.0987202
0.0987238
0.0987287
0.0987323
0.0987372
0.0987407
0.0987456
0.0987492
0.098754
0.0987576
0.0987624
0.098766
0.0987708
0.0987743
0.0987792
0.0987827
0.0987875
0.098791
0.0987958
0.0987993
0.0988041
0.0988076
0.0988124
0.0988159
0.0988206
0.0988241
0.0988289
0.0988323
0.0988371
0.0988405
0.0988453
0.0988487
0.0988534
0.0988569
0.0988616
0.098865
0.0988697
0.0988731
0.0988778
0.0988812
0.0988859
0.0988893
0.098894
0.0988974
0.098902
0.0989054
0.09891
0.0989134
0.0989181
0.0989214
0.098926
0.0989294
0.098934
0.0989374
0.098942
0.0989453
0.0989499
0.0989532
0.0989578
0.0989611
0.0989657
0.098969
0.0989735
0.0989769
0.0989814
0.0989847
0.0989892
0.0989925
0.098997
0.0990003
0.0990048
0.0990081
0.0990126
0.0990159
0.0990204
0.0990236
0.0990281
0.0990313
0.0990358
0.099039
0.0990435
0.0990467
0.0990512
0.0990544
0.0990588
0.099062
0.0990665
0.0990697
0.0990741
0.0990773
0.0990817
0.0990849
0.0990893
0.0990924
0.0990968
0.0991
0.0991044
0.0991075
0.0991119
0.099115
0.0991194
0.0991225
0.0991269
0.09913
0.0991343
0.0991375
0.0991418
0.0991449
0.0991492
0.0991523
0.0991566
0.0991597
0.099164
0.0991671
0.0991714
0.0991745
0.0991787
0.0991818
0.0991861
0.0991892
0.0991934
0.0991965
0.0992007
0.0992038
0.099208
0.0992111
0.0992152
0.0992183
0.0992225
0.0992255
0.0992297
0.0992328
0.0992369
0.09924
0.0992441
0.0992472
0.0992513
0.0992543
0.0992585
0.0992615
0.0992656
0.0992686
0.0992727
0.0992757
0.0992798
0.0992828
0.0992869
0.0992899
0.099294
0.0992969
0.099301
0.099304
0.099308
0.099311
0.0993151
0.099318
0.0993221
0.099325
0.099329
0.099332
0.099336
0.0993389
0.0993429
0.0993459
0.0993499
0.0993528
0.0993568
0.0993597
0.0993637
0.0993666
0.0993705
0.0993734
0.0993774
0.0993803
0.0993842
0.0993871
0.0993911
0.0993939
0.0993979
0.0994007
0.0994047
0.0994075
0.0994114
0.0994143
0.0994182
0.099421
0.0994249
0.0994278
0.0994317
0.0994345
0.0994384
0.0994412
0.099445
0.0994479
0.0994517
0.0994545
0.0994584
0.0994612
0.099465
0.0994678
0.0994716
0.0994744
0.0994782
0.099481
0.0994848
0.0994876
0.0994914
0.0994942
0.099498
0.0995007
0.0995045
0.0995073
0.099511
0.0995138
0.0995175
0.0995203
0.099524
0.0995268
0.0995305
0.0995332
0.099537
0.0995397
0.0995434
0.0995461
0.0995498
0.0995525
0.0995562
0.0995589
0.0995626
0.0995653
0.099569
0.0995717
0.0995754
0.0995781
0.0995817
0.0995844
0.0995881
0.0995907
0.0995944
0.099597
0.0996007
0.0996033
0.0996069
0.0996096
0.0996132
0.0996159
0.0996195
0.0996221
0.0996257
0.0996283
0.0996319
0.0996345
0.0996381
0.0996407
0.0996443
0.0996469
0.0996505
0.0996531
0.0996567
0.0996592
0.0996628
0.0996654
0.0996689
0.0996715
0.099675
0.0996776
0.0996811
0.0996837
0.0996872
0.0996898
0.0996933
0.0996958
0.0996993
0.0997019
0.0997054
0.0997079
0.0997114
0.0997139
0.0997174
0.0997199
0.0997234
0.0997259
0.0997294
0.0997319
0.0997353
0.0997378
0.0997413
0.0997438
0.0997472
0.0997497
0.0997531
0.0997556
0.099759
0.0997615
0.0997649
0.0997674
0.0997708
0.0997733
0.0997767
0.0997791
0.0997825
0.099785
0.0997883
0.0997908
0.0997941
0.0997966
0.0997999
0.0998024
0.0998057
0.0998082
0.0998115
0.0998139
0.0998173
0.0998197
0.099823
0.0998254
0.0998287
0.0998311
0.0998344
0.0998368
0.0998401
0.0998425
0.0998458
0.0998482
0.0998515
0.0998539
0.0998572
0.0998595
0.0998628
0.0998652
0.0998684
0.0998708
0.099874
0.0998764
0.0998796
0.099882
0.0998852
0.0998876
0.0998908
0.0998932
0.0998964
0.0998987
0.0999019
0.0999042
0.0999074
0.0999098
0.099913
0.0999153
0.0999185
0.0999208
0.099924
0.0999263
0.0999294
0.0999317
0.0999349
0.0999372
0.0999403
0.0999426
0.0999458
0.0999481
0.0999512
0.0999535
0.0999566
0.0999589
0.099962
0.0999643
0.0999674
0.0999696
0.0999728
0.099975
0.0999781
0.0999804
0.0999834
0.0999857
0.0999888
0.099991
0.0999941
0.0999963
0.0999994
0.100002
0.100005
0.100007
0.10001
0.100012
0.100015
0.100017
0.10002
0.100023
0.100026
0.100028
0.100031
0.100033
0.100036
0.100038
0.100041
0.100044
0.100047
0.100049
0.100052
0.100054
0.100057
0.100059
0.100062
0.100064
0.100067
0.100069
0.100072
0.100074
0.100077
0.100079
0.100082
0.100085
0.100088
0.10009
0.100093
0.100095
0.100098
0.1001
0.100103
0.100105
0.100108
0.10011
0.100113
0.100115
0.100118
0.10012
0.100123
0.100125
0.100128
0.10013
0.100133
0.100135
0.100138
0.10014
0.100143
0.100145
0.100148
0.10015
0.100152
0.100154
0.100157
0.100159
0.100162
0.100164
0.100167
0.100169
0.100172
0.100174
0.100177
0.100179
0.100182
0.100184
0.100187
0.100189
0.100191
0.100193
0.100196
0.100198
0.100201
0.100203
0.100206
0.100208
0.10021
0.100212
0.100215
0.100217
0.10022
0.100222
0.100225
0.100227
0.100229
0.100231
0.100234
0.100236
0.100239
0.100241
0.100244
0.100246
0.100248
0.10025
0.100253
0.100255
0.100258
0.10026
0.100262
0.100264
0.100267
0.100269
0.100271
0.100273
0.100276
0.100278
0.100281
0.100283
0.100285
0.100287
0.10029
0.100292
0.100294
0.100296
0.100299
0.100301
0.100303
0.100305
0.100308
0.10031
0.100313
0.100314
0.100317
0.100319
0.100322
0.100323
0.100326
0.100328
0.10033
0.100332
0.100335
0.100337
0.100339
0.100341
0.100344
0.100346
0.100348
0.10035
0.100353
0.100355
0.100357
0.100359
0.100361
0.100363
0.100366
0.100368
0.10037
0.100372
0.100375
0.100376
0.100379
0.100381
0.100383
0.100385
0.100388
0.100389
0.100392
0.100394
0.100396
0.100398
0.100401
0.100402
0.100405
0.100407
0.100409
0.100411
0.100413
0.100415
0.100418
0.100419
0.100422
0.100424
0.100426
0.100428
0.10043
0.100432
0.100435
0.100436
0.100439
0.10044
0.100443
0.100445
0.100447
0.100449
0.100451
0.100453
0.100455
0.100457
0.10046
0.100461
0.100464
0.100465
0.100468
0.10047
0.100472
0.100474
0.100476
0.100478
0.10048
0.100482
0.100484
0.100486
0.100488
0.10049
0.100492
0.100494
0.100496
0.100498
0.100501
0.100502
0.100505
0.100506
0.100509
0.10051
0.100513
0.100514
0.100517
0.100518
0.100521
0.100522
0.100525
0.100526
0.100529
0.10053
0.100533
0.100534
0.100536
0.100538
0.10054
0.100542
0.100544
0.100546
0.100548
0.10055
0.100552
0.100554
0.100556
0.100558
0.10056
0.100562
0.100564
0.100566
0.100568
0.100569
0.100572
0.100573
0.100576
0.100577
0.100579
0.100581
0.100583
0.100585
0.100587
0.100589
0.100591
0.100592
0.100595
0.100596
0.100598
0.1006
0.100602
0.100604
0.100606
0.100608
0.10061
0.100611
0.100614
0.100615
0.100617
0.100619
0.100621
0.100623
0.100625
0.100626
0.100629
0.10063
0.100632
0.100634
0.100636
0.100638
0.10064
0.100641
0.100643
0.100645
0.100647
0.100649
0.100651
0.100652
0.100654
0.100656
0.100658
0.10066
0.100662
0.100663
0.100665
0.100667
0.100669
0.10067
0.100673
0.100674
0.100676
0.100678
0.10068
0.100681
0.100683
0.100685
0.100687
0.100688
0.10069
0.100692
0.100694
0.100696
0.100698
0.100699
0.100701
0.100703
0.100705
0.100706
0.100708
0.10071
0.100712
0.100713
0.100715
0.100717
0.100719
0.10072
0.100722
0.100724
0.100726
0.100727
0.100729
0.100731
0.100733
0.100734
0.100736
0.100738
0.10074
0.100741
0.100743
0.100744
0.100746
0.100748
0.10075
0.100751
0.100753
0.100755
0.100757
0.100758
0.10076
0.100761
0.100763
0.100765
0.100767
0.100768
0.10077
0.100772
0.100774
0.100775
0.100777
0.100778
0.10078
0.100782
0.100784
0.100785
0.100787
0.100788
0.10079
0.100792
0.100794
0.100795
0.100797
0.100798
0.1008
0.100802
0.100803
0.100805
0.100807
0.100808
0.10081
0.100811
0.100813
0.100815
0.100817
0.100818
0.10082
0.100821
0.100823
0.100824
0.100826
0.100828
0.100829
0.100831
0.100833
0.100834
0.100836
0.100837
0.100839
0.10084
0.100842
0.100844
0.100845
0.100847
0.100849
0.10085
0.100852
0.100853
0.100855
0.100856
0.100858
0.100859
0.100861
0.100863
0.100864
0.100866
0.100868
0.100869
0.100871
0.100872
0.100874
0.100875
0.100877
0.100878
0.10088
0.100881
0.100883
0.100884
0.100886
0.100887
0.100889
0.10089
0.100892
0.100894
0.100895
0.100897
0.100898
0.1009
0.100901
0.100903
0.100904
0.100906
0.100907
0.100909
0.100911
0.100912
0.100914
0.100915
0.100917
0.100918
0.10092
0.100921
0.100923
0.100924
0.100926
0.100927
0.100928
0.10093
0.100931
0.100933
0.100934
0.100936
0.100937
0.100939
0.10094
0.100942
0.100943
0.100944
0.100946
0.100947
0.100949
0.10095
0.100952
0.100953
0.100955
0.100956
0.100958
0.100959
0.100961
0.100962
0.100964
0.100965
0.100966
0.100968
0.100969
0.100971
0.100972
0.100973
0.100975
0.100976
0.100978
0.100979
0.100981
0.100982
0.100984
0.100985
0.100986
0.100988
0.100989
0.10099
0.100992
0.100993
0.100995
0.100996
0.100998
0.100999
0.101001
0.101002
0.101003
0.101004
0.101006
0.101007
0.101009
0.10101
0.101012
0.101013
0.101014
0.101016
0.101017
0.101018
0.10102
0.101021
0.101023
0.101024
0.101025
0.101026
0.101028
0.101029
0.101031
0.101032
0.101034
0.101035
0.101036
0.101037
0.101039
0.10104
0.101042
0.101043
0.101044
0.101045
0.101047
0.101048
0.10105
0.101051
0.101052
0.101053
0.101055
0.101056
0.101058
0.101059
0.10106
0.101061
0.101063
0.101064
0.101066
0.101067
0.101068
0.101069
0.101071
0.101072
0.101073
0.101074
0.101076
0.101077
0.101079
0.10108
0.101081
0.101082
0.101084
0.101085
0.101086
0.101087
0.101089
0.10109
0.101092
0.101093
0.101094
0.101095
0.101097
0.101098
0.101099
0.1011
0.101102
0.101103
0.101104
0.101105
0.101107
0.101108
0.101109
0.10111
0.101112
0.101113
0.101114
0.101115
0.101117
0.101118
0.101119
0.10112
0.101122
0.101123
0.101124
0.101125
0.101127
0.101128
0.101129
0.10113
0.101132
0.101133
0.101134
0.101135
0.101137
0.101138
0.101139
0.10114
0.101142
0.101143
0.101144
0.101145
0.101146
0.101147
0.101149
0.10115
0.101151
0.101152
0.101154
0.101155
0.101156
0.101157
0.101158
0.101159
0.101161
0.101162
0.101163
0.101164
0.101166
0.101167
0.101168
0.101169
0.10117
0.101171
0.101173
0.101174
0.101175
0.101176
0.101177
0.101178
0.10118
0.101181
0.101182
0.101183
0.101184
0.101185
0.101187
0.101188
0.101189
0.10119
0.101191
0.101192
0.101194
0.101195
0.101196
0.101197
0.101198
0.101199
0.101201
0.101202
0.101203
0.101204
0.101205
0.101206
0.101207
0.101208
0.10121
0.101211
0.101212
0.101213
0.101214
0.101215
0.101217
0.101217
0.101219
0.10122
0.101221
0.101222
0.101223
0.101224
0.101226
0.101226
0.101228
0.101229
0.10123
0.101231
0.101232
0.101233
0.101234
0.101235
0.101237
0.101237
0.101239
0.10124
0.101241
0.101242
0.101243
0.101244
0.101245
0.101246
0.101248
0.101248
0.10125
0.101251
0.101252
0.101253
0.101254
0.101255
0.101256
0.101257
0.101258
0.101259
0.10126
0.101261
0.101263
0.101263
0.101265
0.101266
0.101267
0.101268
0.101269
0.10127
0.101271
0.101272
0.101273
0.101274
0.101275
0.101276
0.101277
0.101278
0.10128
0.10128
0.101282
0.101282
0.101284
0.101285
0.101286
0.101287
0.101288
0.101289
0.10129
0.101291
0.101292
0.101293
0.101294
0.101295
0.101296
0.101297
0.101298
0.101299
0.1013
0.101301
0.101302
0.101303
0.101304
0.101305
0.101306
0.101307
0.101308
0.101309
0.10131
0.101311
0.101312
0.101313
0.101314
0.101315
0.101316
0.101317
0.101318
0.101319
0.10132
0.101321
0.101322
0.101323
0.101324
0.101325
0.101326
0.101327
0.101328
0.101329
0.10133
0.101331
0.101332
0.101333
0.101334
0.101335
0.101336
0.101337
0.101338
0.101339
0.10134
0.101341
0.101342
0.101343
0.101344
0.101345
0.101346
0.101347
0.101348
0.101349
0.10135
0.101351
0.101352
0.101352
0.101354
0.101354
0.101355
0.101356
0.101357
0.101358
0.101359
0.10136
0.101361
0.101362
0.101363
0.101364
0.101365
0.101366
0.101367
0.101368
0.101369
0.101369
0.101371
0.101371
0.101372
0.101373
0.101374
0.101375
0.101376
0.101377
0.101378
0.101379
0.10138
0.101381
0.101382
0.101382
0.101383
0.101384
0.101385
0.101386
0.101387
0.101388
0.101389
0.10139
0.101391
0.101392
0.101393
0.101393
0.101394
0.101395
0.101396
0.101397
0.101398
0.101399
0.1014
0.101401
0.101402
0.101402
0.101403
0.101404
0.101405
0.101406
0.101407
0.101408
0.101409
0.101409
0.10141
0.101411
0.101412
0.101413
0.101414
0.101415
0.101416
0.101416
0.101418
0.101418
0.101419
0.10142
0.101421
0.101422
0.101423
0.101423
0.101424
0.101425
0.101426
0.101427
0.101428
0.101429
0.10143
0.10143
0.101431
0.101432
0.101433
0.101434
0.101435
0.101436
0.101437
0.101437
0.101438
0.101439
0.10144
0.101441
0.101442
0.101442
0.101443
0.101444
0.101445
0.101446
0.101447
0.101447
0.101448
0.101449
0.10145
0.101451
0.101452
0.101452
0.101453
0.101454
0.101455
0.101456
0.101457
0.101457
0.101458
0.101459
0.10146
0.101461
0.101462
0.101462
0.101463
0.101464
0.101465
0.101465
0.101466
0.101467
0.101468
0.101469
0.10147
0.10147
0.101471
0.101472
0.101473
0.101474
0.101475
0.101475
0.101476
0.101477
0.101478
0.101478
0.101479
0.10148
0.101481
0.101482
0.101483
0.101483
0.101484
0.101485
0.101486
0.101486
0.101487
0.101488
0.101489
0.101489
0.10149
0.101491
0.101492
0.101493
0.101494
0.101494
0.101495
0.101496
0.101497
0.101497
0.101498
0.101499
0.1015
0.1015
0.101501
0.101502
0.101503
0.101503
0.101504
0.101505
0.101506
0.101507
0.101507
0.101508
0.101509
0.10151
0.10151
0.101511
0.101512
0.101513
0.101513
0.101514
0.101515
0.101516
0.101516
0.101517
0.101518
0.101519
0.101519
0.10152
0.101521
0.101522
0.101522
0.101523
0.101524
0.101525
0.101525
0.101526
0.101527
0.101528
0.101528
0.101529
0.10153
0.10153
0.101531
0.101532
0.101533
0.101533
0.101534
0.101535
0.101536
0.101536
0.101537
0.101538
0.101539
0.101539
0.10154
0.101541
0.101541
0.101542
0.101543
0.101544
0.101544
0.101545
0.101546
0.101546
0.101547
0.101548
0.101549
0.101549
0.10155
0.101551
0.101551
0.101552
0.101553
0.101553
0.101554
0.101555
0.101556
0.101556
0.101557
0.101558
0.101558
0.101559
0.10156
0.10156
0.101561
0.101562
0.101563
0.101563
0.101564
0.101565
0.101565
0.101566
0.101567
0.101567
0.101568
0.101569
0.10157
0.10157
0.101571
0.101571
0.101572
0.101573
0.101574
0.101574
0.101575
0.101576
0.101576
0.101577
0.101578
0.101578
0.101579
0.10158
0.10158
0.101581
0.101582
0.101582
0.101583
0.101584
0.101584
0.101585
0.101586
0.101586
0.101587
0.101588
0.101588
0.101589
0.10159
0.10159
0.101591
0.101592
0.101592
0.101593
0.101594
0.101594
0.101595
0.101596
0.101596
0.101597
0.101598
0.101598
0.101599
0.101599
0.1016
0.101601
0.101601
0.101602
0.101603
0.101603
0.101604
0.101605
0.101605
0.101606
0.101607
0.101607
0.101608
0.101608
0.101609
0.10161
0.10161
0.101611
0.101612
0.101612
0.101613
0.101613
0.101614
0.101615
0.101615
0.101616
0.101617
0.101617
0.101618
0.101618
0.101619
0.10162
0.10162
0.101621
0.101622
0.101622
0.101623
0.101623
0.101624
0.101625
0.101625
0.101626
0.101627
0.101627
0.101628
0.101628
0.101629
0.10163
0.10163
0.101631
0.101631
0.101632
0.101633
0.101633
0.101634
0.101634
0.101635
0.101636
0.101636
0.101637
0.101638
0.101638
0.101639
0.101639
0.10164
0.10164
0.101641
0.101642
0.101642
0.101643
0.101643
0.101644
0.101645
0.101645
0.101646
0.101646
0.101647
0.101648
0.101648
0.101649
0.101649
0.10165
0.101651
0.101651
0.101652
0.101652
0.101653
0.101653
0.101654
0.101654
0.101655
0.101656
0.101656
0.101657
0.101657
0.101658
0.101659
0.101659
0.10166
0.10166
0.101661
0.101661
0.101662
0.101663
0.101663
0.101664
0.101664
0.101665
0.101665
0.101666
0.101667
0.101667
0.101668
0.101668
0.101669
0.101669
0.10167
0.10167
0.101671
0.101672
0.101672
0.101673
0.101673
0.101674
0.101674
0.101675
0.101676
0.101676
0.101677
0.101677
0.101678
0.101678
0.101679
0.101679
0.10168
0.10168
0.101681
0.101681
0.101682
0.101683
0.101683
0.101684
0.101684
0.101685
0.101685
0.101686
0.101686
0.101687
0.101687
0.101688
0.101689
0.101689
0.10169
0.10169
0.101691
0.101691
0.101692
0.101692
0.101693
0.101693
0.101694
0.101694
0.101695
0.101695
0.101696
0.101696
0.101697
0.101697
0.101698
0.101699
0.101699
0.1017
0.1017
0.101701
0.101701
0.101702
0.101702
0.101703
0.101703
0.101704
0.101704
0.101705
0.101705
0.101706
0.101706
0.101707
0.101707
0.101708
0.101708
0.101709
0.101709
0.10171
0.10171
0.101711
0.101712
0.101712
0.101713
0.101713
0.101714
0.101714
0.101715
0.101715
0.101716
0.101716
0.101717
0.101717
0.101718
0.101718
0.101719
0.101719
0.10172
0.10172
0.101721
0.101721
0.101722
0.101722
0.101723
0.101723
0.101723
0.101724
0.101724
0.101725
0.101725
0.101726
0.101726
0.101727
0.101727
0.101728
0.101728
0.101729
0.101729
0.10173
0.10173
0.101731
0.101731
0.101732
0.101732
0.101733
0.101733
0.101734
0.101734
0.101735
0.101735
0.101736
0.101736
0.101736
0.101737
0.101737
0.101738
0.101738
0.101739
0.101739
0.10174
0.10174
0.101741
0.101741
0.101742
0.101742
0.101743
0.101743
0.101744
0.101744
0.101745
0.101745
0.101745
0.101746
0.101746
0.101747
0.101747
0.101748
0.101748
0.101749
0.101749
0.10175
0.10175
0.10175
0.101751
0.101751
0.101752
0.101752
0.101753
0.101753
0.101754
0.101754
0.101755
0.101755
0.101756
0.101756
0.101756
0.101757
0.101757
0.101758
0.101758
0.101759
0.101759
0.10176
0.10176
0.10176
0.101761
0.101761
0.101762
0.101762
0.101763
0.101763
0.101764
0.101764
0.101765
0.101765
0.101765
0.101766
0.101766
0.101767
0.101767
0.101767
0.101768
0.101768
0.101769
0.101769
0.10177
0.10177
0.101771
0.101771
0.101771
0.101772
0.101772
0.101773
0.101773
0.101774
0.101774
0.101774
0.101775
0.101775
0.101776
0.101776
0.101777
0.101777
0.101777
0.101778
0.101778
0.101779
0.101779
0.10178
0.10178
0.10178
0.101781
0.101781
0.101782
0.101782
0.101783
0.101783
0.101783
0.101784
0.101784
0.101785
0.101785
0.101785
0.101786
0.101786
0.101787
0.101787
0.101788
0.101788
0.101788
0.101789
0.101789
0.10179
0.10179
0.10179
0.101791
0.101791
0.101792
0.101792
0.101792
0.101793
0.101793
0.101794
0.101794
0.101794
0.101795
0.101795
0.101796
0.101796
0.101796
0.101797
0.101797
0.101798
0.101798
0.101798
0.101799
0.101799
0.1018
0.1018
0.1018
0.101801
0.101801
0.101802
0.101802
0.101802
0.101803
0.101803
0.101804
0.101804
0.101804
0.101805
0.101805
0.101805
0.101806
0.101806
0.101807
0.101807
0.101808
0.101808
0.101808
0.101809
0.101809
0.101809
0.10181
0.10181
0.101811
0.101811
0.101811
0.101812
0.101812
0.101812
0.101813
0.101813
0.101814
0.101814
0.101814
0.101815
0.101815
0.101815
0.101816
0.101816
0.101817
0.101817
0.101817
0.101818
0.101818
0.101818
0.101819
0.101819
0.10182
0.10182
0.10182
0.101821
0.101821
0.101821
0.101822
0.101822
0.101823
0.101823
0.101823
0.101824
0.101824
0.101824
0.101825
0.101825
0.101826
0.101826
0.101826
0.101827
0.101827
0.101827
0.101828
0.101828
0.101828
0.101829
0.101829
0.101829
0.10183
0.10183
0.101831
0.101831
0.101831
0.101832
0.101832
0.101832
0.101833
0.101833
0.101833
0.101834
0.101834
0.101834
0.101835
0.101835
0.101836
0.101836
0.101836
0.101837
0.101837
0.101837
0.101838
0.101838
0.101838
0.101839
0.101839
0.101839
0.10184
0.10184
0.10184
0.101841
0.101841
0.101841
0.101842
0.101842
0.101843
0.101843
0.101843
0.101843
0.101844
0.101844
0.101845
0.101845
0.101845
0.101846
0.101846
0.101846
0.101847
0.101847
0.101847
0.101848
0.101848
0.101848
0.101849
0.101849
0.101849
0.10185
0.10185
0.10185
0.101851
0.101851
0.101851
0.101852
0.101852
0.101852
0.101853
0.101853
0.101853
0.101854
0.101854
0.101854
0.101855
0.101855
0.101855
0.101856
0.101856
0.101856
0.101857
0.101857
0.101857
0.101857
0.101858
0.101858
0.101859
0.101859
0.101859
0.101859
0.10186
0.10186
0.10186
0.101861
0.101861
0.101861
0.101862
0.101862
0.101862
0.101863
0.101863
0.101863
0.101864
0.101864
0.101864
0.101865
0.101865
0.101865
0.101866
0.101866
0.101866
0.101866
0.101867
0.101867
0.101867
0.101868
0.101868
0.101868
0.101869
0.101869
0.101869
0.10187
0.10187
0.10187
0.101871
0.101871
0.101871
0.101871
